工件号： 1220
检测时间： 2018/12/21 20:44:44
测量长度： 80 
0,17374.1,3682.2,17680.1,2816.0,3123.3,6519.4,2443.8,982.8,-393.4,1078.2,1535.2,4650.5,9112.9,7299.6,-24910.8,-23725.3,-37602.6,4904.8,95.9,30.0
1,15954.2,5386.9,27240.6,627.8,3624.0,11256.0,11314.3,4696.8,5204.1,3794.8,4986.9,15282.6,19468.2,12188.5,-12142.1,-18383.4,-74610.4,12514.3,95.9,30.0
2,24929.3,8017.5,19767.6,50.3,4568.4,45180.3,51569.9,11454.7,14721.0,9736.8,10784.5,56415.1,59562.3,14371.3,40785.5,-13519.7,-69676.5,19056.3,96.2,30.0
3,62653.8,11901.1,75656.8,22754.4,5932.6,70995.8,95976.7,18853.6,62286.9,15638.9,18792.7,100665.6,120739.1,21543.8,108942.7,-5418.7,-61253.7,26849.9,96.2,30.0
4,65040.6,16099.9,127874.5,32715.0,8889.0,65806.2,127907.6,27831.4,86727.4,18956.9,24222.0,125703.6,139013.9,35197.2,128020.2,1182.8,-53660.1,31736.2,95.9,30.0
5,52481.2,18872.2,125249.2,36226.4,12159.3,60114.6,123161.7,41080.8,108797.0,21371.6,27545.3,128165.9,203775.0,92511.7,121687.5,29059.3,-48645.3,30360.0,95.9,29.7
6,50973.9,17196.6,65701.5,27533.4,13143.5,60096.1,125722.1,27236.7,80676.9,18721.2,24459.1,117049.0,61110.7,79422.5,88642.7,19505.3,-55098.5,21991.5,95.9,29.7
7,59049.7,9618.9,14946.2,4073.0,7801.6,66247.3,79996.1,9803.0,15119.7,7304.9,11913.0,58726.5,12673.3,23071.0,13072.0,-10338.1,-67236.7,10992.4,95.9,29.7
8,69178.5,385.4,45462.5,2678.2,1655.7,71275.2,11007.0,972.2,4980.3,-2426.6,2197.4,10964.6,1865.0,12993.8,-20477.5,-21077.5,-60663.0,12330.2,95.9,29.7
9,75254.2,-2813.3,60443.1,4140.5,-431.8,74172.0,29581.1,-692.7,41759.0,-4649.2,-580.2,15650.9,-3988.2,7245.3,-25011.4,-27287.0,-17208.5,54309.1,95.9,29.7
10,35846.2,-3286.2,52445.5,7245.3,188.1,71765.3,71434.2,-1417.3,75656.8,-4369.7,-1921.9,52454.7,4302.1,4242.5,18084.1,-28695.0,-2030.5,78862.2,95.9,30.0
11,5674.4,-2310.0,44393.5,11755.4,1774.9,72691.2,73623.7,-2635.9,72638.2,-5088.9,-3559.1,74642.2,45726.0,2735.2,47793.7,-23990.2,-2704.7,76684.7,95.9,30.0
12,46987.0,-1865.0,-15680.0,16393.9,3368.3,76872.8,63659.1,-3862.4,71304.4,-6303.5,11193.8,73834.3,76463.5,3153.7,46800.2,-18454.9,-12656.1,74772.0,95.9,30.0
13,75280.7,-1786.8,-62627.3,18784.7,4066.4,76364.2,23196.8,385.4,43642.5,-2470.3,13883.9,47384.4,70518.9,4192.2,45453.2,-23143.8,-59249.7,72799.8,95.9,30.0
14,71062.0,219.9,-65394.2,14564.7,4428.0,36720.4,56241.6,22361.0,49993.7,6928.7,7665.2,37470.1,61000.7,4111.4,21576.9,-23800.8,-75876.7,69605.0,95.9,30.0
15,59676.2,10738.1,-71158.7,22618.0,9609.6,14413.7,165738.0,95914.5,144722.7,82343.2,86661.2,95631.0,56148.9,35181.3,19187.4,18398.0,-45510.1,62229.9,95.9,30.0
16,34622.4,64562.4,-54505.1,26925.4,45281.0,94803.2,232080.6,121568.3,198272.9,143737.3,151542.8,105975.7,30865.9,109671.2,-35897.9,90964.6,26893.6,54713.1,95.9,30.0
17,36165.5,62471.0,-34113.7,7977.8,50975.2,140859.0,192508.4,120213.3,165678.4,129977.9,139047.0,90820.3,14603.1,104084.3,-61806.0,64257.8,-2402.7,51883.9,95.9,30.0
18,50510.3,16951.6,-52372.6,14878.6,17443.0,101452.4,74896.6,57016.5,106851.3,55682.7,62048.4,53223.0,8210.9,33590.5,-6975.1,-6700.9,-65333.3,27725.4,95.9,30.0
19,20827.2,1302.0,-2510.0,9822.8,4225.3,46922.1,41283.5,5412.1,54207.1,5380.3,8180.4,56335.7,2892.8,11932.9,14627.0,-7795.0,-43539.2,19643.0,95.9,30.0
20,10066.6,-2733.9,59757.0,4532.6,5825.4,21268.3,18974.1,4169.7,35444.9,5143.2,37552.3,-5312.8,-2798.8,46849.3,17787.4,23726.6,-16741.0,26473.7,95.7,30.0
21,14315.7,8057.2,36890.0,-1654.4,43050.5,14266.7,-41837.2,35744.2,62916.0,36968.1,72961.4,-60269.6,13747.5,71821.0,19337.1,42846.5,-14388.6,61599.4,95.7,30.0
22,15441.6,-5555.2,23757.1,-3650.5,-5238.6,22453.7,-66476.4,-683.5,19772.8,9645.4,73052.8,-79144.4,65571.7,73083.2,-46662.5,45413.4,-11444.1,168126.2,95.7,30.0
23,21831.2,-3434.6,113549.5,3141.8,-3933.9,20429.8,-65665.8,-10716.9,33770.7,10218.9,75552.2,-73874.0,30052.7,51911.7,18313.2,51123.6,-5463.8,223592.9,95.7,30.0
24,24222.0,-4655.8,138082.8,13788.5,-5165.7,10905.0,-62647.1,-9232.1,74223.7,-9559.3,71462.0,-65146.6,6232.0,41862.3,26521.4,52036.2,-4110.1,213825.7,95.4,30.0
25,28089.7,-1025.2,145661.8,16706.5,-1475.5,3843.8,-131632.2,-7050.6,66248.6,-8948.6,72475.3,-32876.6,66750.6,22595.5,28663.2,16566.1,-864.9,150268.6,95.2,30.0
26,31533.5,3687.5,88063.9,9951.3,4647.8,6430.7,7336.7,-3062.4,62717.3,-6029.3,33495.2,33052.8,125000.2,-1476.9,-835.8,-28601.0,-18347.6,120080.8,95.2,30.0
27,32836.9,2621.3,37320.5,10098.4,5127.3,47251.9,49527.5,-786.8,57273.4,-4771.0,-667.6,57486.7,138074.8,4589.6,-14436.2,-23689.5,-55914.5,112364.0,95.2,30.0
28,39655.6,923.2,90152.7,731.2,3220.0,68264.5,54539.6,-521.9,40627.9,-3831.9,368.2,27347.9,129511.6,8021.5,-227.8,-19844.4,-74211.8,64195.5,95.2,29.7
29,28207.6,1404.0,79308.6,2621.3,3249.1,58452.3,55244.2,-503.3,-22406.0,-2164.3,-133.8,6017.4,64079.0,3722.0,800.0,-23235.2,-57049.6,24226.0,95.2,29.7
30,20076.2,1446.4,17366.1,10320.9,3953.8,54911.8,53242.8,-1643.8,-63957.1,-4153.8,-2082.2,4328.6,19289.4,1698.1,-1466.3,-25602.2,-42977.6,-33129.6,95.2,29.7
31,24244.5,-1412.0,55245.6,34307.1,-1337.8,58612.6,50890.4,-2462.3,-63019.3,-6522.1,-3114.0,2847.8,23161.0,2800.1,-1896.8,-24823.3,-68325.5,-33730.9,95.0,29.5
32,40426.5,-739.1,50387.1,38184.1,-896.7,51822.9,48829.5,-2026.6,-26157.2,-4498.2,-2469.0,35417.1,27475.1,4335.2,-10347.4,-23851.1,-77928.4,38086.0,94.7,29.5
33,104990.3,4812.1,25204.8,7912.8,5862.4,41083.5,48859.9,-622.5,32836.9,-2196.1,-17.2,48726.1,28038.0,7606.9,-15673.4,-22060.3,-75386.6,71328.2,94.5,29.5
34,143379.6,4678.3,100712.0,3490.2,5486.3,95123.7,56097.2,-1180.2,44757.8,-2723.3,-42.4,18375.5,21843.1,7965.8,-14366.0,-20211.3,-74633.0,11510.3,94.7,29.5
35,114309.8,3625.3,117886.1,-602.7,4090.2,144957.2,49407.0,484.8,21770.3,-1359.0,749.7,10143.4,10642.7,3675.6,-12596.4,-24177.0,-72597.1,-30773.2,94.7,29.5
36,89343.4,4353.8,116446.3,3435.9,5583.0,155900.6,22047.1,3857.1,64591.6,884.8,3894.2,18392.7,8702.3,3641.2,-9605.6,-25512.1,-78442.4,19996.7,94.7,29.5
37,105312.1,5088.9,134163.4,2532.5,6636.0,145902.9,46473.1,8742.0,121180.2,4748.5,8498.3,58288.0,50328.8,10242.7,19900.0,-19560.9,-71859.4,61558.4,94.7,29.5
38,88414.9,7250.6,103302.8,739.1,8449.3,74758.8,72805.1,15648.2,67297.6,10621.5,15468.1,99147.7,121271.6,21149.1,76079.4,-7632.0,-59065.6,119106.0,94.7,29.7
39,17648.3,5967.1,39316.6,2654.4,6295.6,43850.5,29512.2,21768.9,6531.3,16111.8,20541.1,55792.6,151662.0,27318.8,57366.2,-2186.8,-53623.0,144416.8,95.0,29.7
40,14360.7,5259.8,31125.5,12159.3,4421.3,29575.8,13848.1,23790.2,6165.8,18085.4,22582.2,24064.4,152006.4,30579.8,-10918.2,959.0,-51412.3,152648.8,94.7,29.7
41,42450.4,8783.1,88633.4,16948.9,9490.4,28994.4,9486.4,23750.5,18227.1,19949.0,22084.2,51719.6,127795.0,26083.0,8220.1,-3276.9,-56801.9,158010.6,94.7,29.7
42,98754.3,11421.6,124736.6,10543.4,12193.8,98307.9,20753.0,20155.6,77158.9,16993.9,17298.6,68574.5,64563.8,15007.1,23708.1,-15058.8,-69071.2,160168.3,94.7,29.7
43,118838.4,13589.9,161273.0,8681.1,14061.4,135918.5,100082.8,17388.7,168975.2,14045.5,14472.0,67656.6,16895.9,8878.4,-29446.0,-20457.6,-74341.6,143881.6,94.7,29.7
44,96041.6,16442.9,214999.3,7975.1,17812.5,157581.4,154046.2,16537.0,218810.0,15174.0,13498.5,54085.3,21821.9,6504.9,-93714.4,-23285.5,-55846.9,130777.9,95.0,30.0
45,103886.9,12303.7,158373.5,2887.5,14072.0,142440.5,117751.0,11585.8,170199.1,11003.0,8285.0,59236.4,-20835.1,25698.9,-107699.0,-2661.0,-19811.3,105240.6,95.0,30.0
46,64191.6,5006.8,87281.1,282.1,6075.7,75491.3,33670.0,5294.2,88591.1,4239.9,1846.4,63697.5,-73389.2,69513.6,-108504.3,43098.1,-8673.1,46161.8,95.0,30.0
47,14056.1,392.1,45298.2,388.1,1895.4,45315.4,11131.5,4492.9,24714.7,2998.8,1136.5,45424.0,-67317.5,74470.0,-70329.5,48634.7,-10017.6,58105.3,95.0,30.0
48,-50037.4,-2014.6,-15796.6,-2030.5,-1010.6,55850.9,33246.1,4084.9,18876.1,3189.5,6073.1,21568.9,-66536.0,69340.1,-1727.2,45238.6,-16109.1,1193.4,95.0,30.0
49,-76862.2,-5911.5,-41941.8,7948.6,-4531.3,57782.1,93167.4,-630.5,76664.8,-200.0,8334.1,58621.8,-50608.3,61853.7,24984.9,37879.4,-25663.1,-70117.6,95.2,30.0
50,-26811.5,-7103.5,18302.6,12848.1,-5894.2,78025.1,162661.1,1272.9,157586.7,384.1,-74.2,125616.1,-24941.2,57170.1,18975.5,33736.2,-29949.3,-54135.6,95.0,30.0
51,24131.9,-1876.9,16951.6,11168.6,-1102.0,103774.3,222668.4,8542.0,191144.2,5968.4,6847.9,177156.9,-43888.9,54664.1,49666.6,32117.6,-31415.6,-42596.1,95.2,30.0
52,24381.0,-200.0,-60184.8,-1083.5,-833.1,104402.2,253095.9,9285.1,181187.5,6955.2,7049.2,210075.9,-47269.1,54162.1,79566.9,31819.6,-31485.8,-68418.2,95.2,30.0
53,-2180.2,3572.3,-184073.7,-2094.1,8458.6,49274.5,186650.0,-653.0,101473.6,3960.4,24002.1,170693.1,4870.4,54372.7,78336.4,30018.2,-38447.6,-45200.2,95.2,30.0
54,-116459.5,38295.3,-287358.0,35737.6,42023.9,-50699.7,50576.5,27158.5,-49348.7,38635.7,57490.7,54155.5,-18196.6,48385.7,36670.1,23832.6,-87328.8,-92645.5,95.0,30.0
55,-188235.5,50744.7,-341799.5,57231.1,46278.4,-174042.9,-126164.5,54393.9,-166004.2,55465.4,52675.9,-62384.9,-87122.1,7440.0,-78443.7,-12853.4,-133734.3,-148161.3,95.0,30.0
56,-198359.0,42824.0,-352599.9,49352.6,40267.6,-224386.3,-213703.9,45167.1,-206899.7,44743.2,42820.0,-126877.1,-150775.9,-48761.9,-144967.8,-62482.9,-138493.4,-177665.6,95.2,30.0
57,-154891.3,52702.4,-263574.4,58751.6,50816.3,-145301.6,-126595.0,54332.9,-115482.0,56098.6,53433.6,-57815.2,-146590.3,-24524.0,-113043.5,-43977.6,-136276.1,-211395.2,95.2,30.0
58,618.6,30922.9,-124377.7,34146.8,39425.2,14860.1,105781.0,21474.9,114941.6,27122.8,35936.3,109581.2,-13015.0,55338.3,22228.6,30928.2,-57975.5,-164380.3,95.2,30.0
59,190168.0,34480.6,63946.5,29847.4,42049.1,185554.6,250217.7,27396.9,250525.0,28916.2,17092.0,178865.6,148970.6,66551.9,140100.1,45510.1,-16323.7,-181688.2,95.2,30.0
60,408356.7,116235.7,291575.3,102064.4,118258.3,272468.7,278398.7,92094.5,295211.2,86551.2,29983.8,200023.9,266920.2,42817.3,164691.6,22481.5,-28028.8,12875.9,95.4,30.0
61,422512.2,121043.8,443063.9,136788.7,151060.7,272248.9,200348.4,123228.0,238972.3,123670.4,32654.1,160465.0,294918.5,45483.6,112154.8,10617.6,-49616.2,321318.1,95.2,30.0
62,282608.2,117663.5,444575.2,139653.7,151925.6,210995.2,84719.4,78476.8,102179.6,67774.5,25289.6,53526.3,226982.4,111047.4,54600.5,53823.0,-47304.9,447803.1,95.2,30.0
63,159100.7,143623.4,361208.1,142346.5,137044.3,91050.7,-48412.2,19290.7,-14731.6,13389.9,20961.0,-17172.8,162865.1,93542.2,8271.8,34172.0,-47320.8,378342.5,95.4,30.2
64,44401.5,121286.2,220041.8,117936.4,82495.5,-7935.4,-108279.1,10848.0,-104256.5,10368.6,51902.4,-36557.5,104598.2,35497.9,-20243.1,-3417.3,-54290.6,272162.8,95.4,30.2
65,-17693.3,62618.0,127719.5,52301.1,15660.1,-96820.5,-124716.8,40356.3,-186638.0,39675.5,65758.5,-43193.5,35928.4,20233.8,-8079.7,-16408.5,-62742.5,167955.3,95.4,30.2
66,-38969.5,7515.5,67748.0,8936.7,704.7,-157157.6,-121074.3,58753.0,-225084.4,56734.4,58152.9,-30468.6,16383.3,11824.2,24420.7,-24751.8,-69390.4,72944.2,95.2,30.2
67,-41163.0,-3910.1,49213.6,-956.3,31697.8,-164303.5,-139200.7,56866.8,-159406.7,56325.1,56203.2,-45975.1,45943.3,5307.5,32823.6,-3257.1,-64735.9,39566.9,95.4,30.2
68,-33840.9,-6961.8,47753.9,-4663.7,68104.3,-140435.2,-156556.2,52901.1,-113625.0,53815.1,53581.9,-76947.0,58794.0,19342.4,14931.6,42373.6,-29958.6,12282.5,95.4,30.2
69,-30289.8,35843.6,21986.2,31814.3,62880.3,-98160.9,-150807.7,44947.2,-151942.8,46569.8,47749.9,-78271.5,55258.8,62672.3,34772.0,38011.9,-6889.0,-38417.2,95.4,30.2
70,-36039.6,63500.1,1247.7,68077.8,58571.5,-61649.8,-120739.1,41625.2,-160337.8,42438.5,44059.8,-83092.9,28159.9,69589.1,27003.6,35515.1,-10138.1,22888.2,95.4,30.2
71,-64298.8,62727.9,33946.8,65096.2,57742.3,-24022.0,-46814.8,42702.1,-110595.8,42618.6,43723.3,-79341.7,6855.9,61902.7,-41605.4,30775.9,-16461.5,55250.9,95.2,30.2
72,-68390.4,63358.4,46948.6,61786.2,58764.9,-54307.8,-37027.7,46071.7,-44837.3,46844.0,47604.2,-67602.3,42824.0,58135.7,-87548.6,26766.5,-22175.6,51481.2,95.2,30.2
73,-62823.3,64300.2,24643.2,60472.2,61187.5,-79570.9,-64280.3,49115.6,-38551.0,49111.6,50176.5,-11172.6,63559.7,57337.0,-73911.1,25942.6,-25260.4,-13473.3,95.2,30.2
74,-24871.0,66537.3,-41332.5,60088.1,64335.9,-37807.9,-8014.8,54446.9,-32092.5,53756.8,53517.0,56396.6,60787.5,54801.8,-10172.5,26320.1,-26533.3,-50954.0,95.2,30.2
75,-47285.0,42891.5,-79831.8,64126.7,66530.7,37145.6,44116.7,62829.9,13868.0,62478.9,61421.9,33439.5,55850.9,54995.2,36377.4,27669.8,-26382.3,-54776.7,95.4,30.2
76,31414.3,-728.5,-72970.7,36891.3,116777.4,35766.8,51544.8,39789.4,45900.9,43703.5,69944.1,28581.1,44727.3,56639.0,44333.9,29953.3,-25879.0,-133539.6,95.4,30.2
77,1219.9,-6996.3,-69921.6,-664.9,-8334.1,25065.7,114223.7,3884.9,112238.2,3716.7,40903.4,94697.2,8036.0,59813.9,42027.9,33304.4,-24117.4,-159711.3,95.4,30.2
78,40915.3,-6773.7,-78843.7,8176.4,-7418.8,22927.9,151366.7,-596.0,131289.2,-1569.6,-1756.4,137943.7,-59435.1,62652.4,38084.7,35790.6,-22403.4,-92862.7,95.7,30.2
79,51503.7,-5553.8,-40201.3,12841.5,-4871.7,8632.1,146574.5,4123.3,73973.3,1254.3,3688.9,140546.4,-60346.4,56285.3,9995.0,45610.8,-12442.8,-22651.1,95.4,30.2
80,69765.3,-2357.7,57575.4,84.8,-418.6,22935.9,123511.4,10391.1,42850.4,6567.1,9298.3,116092.6,3143.2,18013.8,-21170.2,17983.4,-2800.1,27208.9,95.4,30.2
81,118766.9,2972.3,123851.8,-262.3,4340.5,88344.7,55277.4,12984.5,55672.1,9059.9,11347.4,56117.1,51061.3,5961.8,19264.2,-16424.4,-36916.5,84510.1,95.4,30.2
82,94880.0,5532.6,138640.4,5604.2,6912.8,150969.3,15404.5,12299.8,112766.7,9898.3,11407.0,11297.1,148475.2,18960.9,109366.6,-11224.2,-68280.4,104683.0,95.4,30.2
83,89029.5,5206.8,137264.2,5714.1,6088.9,150835.5,11377.9,10310.3,113137.6,8083.7,9832.1,10714.3,127544.7,20391.4,110688.5,-10544.7,-66765.2,94052.2,95.4,30.4
84,122173.6,3755.1,128940.7,4851.8,5502.2,142569.0,31455.4,7163.2,57372.8,2280.9,6179.0,45295.6,95709.2,20374.2,66140.0,-10947.4,-66167.8,100575.6,95.7,30.4
85,205629.4,-596.0,61607.4,-1898.1,1215.9,79443.7,63931.9,3634.6,33068.7,-2084.8,3022.6,62008.7,98200.6,16572.7,284.8,-14268.0,-68522.8,101855.1,95.7,30.4
86,37033.0,-5269.1,14495.9,11615.0,1076.9,27206.2,53889.2,-1808.0,56527.7,-6059.8,3578.9,55351.5,129640.1,13442.8,-15126.3,-18572.8,-72781.2,130453.4,95.7,30.7
87,32575.9,-10466.6,10421.5,23620.7,-3559.1,50244.1,47886.4,-7128.7,30746.7,10555.3,41678.2,56609.8,147654.0,9310.2,-17021.8,-21968.9,-65608.8,142142.5,95.9,30.7
88,56139.6,12719.6,15902.5,18041.7,19742.4,56657.5,48719.5,14608.4,24419.4,43968.4,74766.7,60349.0,75180.0,7344.6,-21149.1,-2378.9,-24616.7,62444.5,95.7,30.7
89,-8506.2,47704.9,-21028.5,45526.0,55460.1,33913.7,45307.5,59508.0,52958.1,65215.4,70757.3,37609.2,23513.4,47609.5,-17737.0,38747.0,-4798.8,42504.7,95.9,30.9
90,-61368.9,52348.8,-48893.0,53556.8,54346.2,44744.5,19906.6,70525.5,37336.4,65661.8,71879.2,5788.3,31975.9,76676.7,-22256.4,46653.2,-8155.2,26063.1,95.9,30.9
91,-32051.4,52409.7,-4067.7,53796.5,55012.4,66004.9,64362.4,55335.6,43251.8,66161.2,71632.9,8577.8,23783.6,71934.9,9020.2,42328.6,-12660.0,-59253.6,95.9,31.2
92,-34284.6,54375.3,11800.4,57375.4,56846.9,68089.7,56042.9,49110.3,45315.4,65529.4,70807.7,29608.9,-45188.3,66328.1,-1219.9,36501.9,-18574.1,-60863.0,95.9,31.2
93,-66912.2,56617.8,-62818.0,62154.4,58918.5,50491.8,28447.3,65843.3,29785.1,61584.8,66211.5,59186.1,-50742.1,60933.2,3816.0,30689.8,-23812.7,-44541.9,95.9,31.2
94,-80341.8,51208.3,-80209.3,54342.2,54819.1,-20694.7,41329.9,61165.0,4137.9,56897.3,61848.4,43638.5,-38233.1,62492.2,-91506.4,33344.2,-21680.2,-11372.6,95.9,31.4
95,-80320.6,52389.8,-81745.8,56269.4,56392.6,-62653.8,23616.7,64792.9,-36740.3,61587.5,66132.0,43662.4,28895.0,71099.1,-36727.1,42139.2,-13848.1,41310.0,95.9,31.4
96,-33325.6,58407.3,-55344.9,35108.5,62191.5,7787.0,32654.1,63840.6,16666.8,67438.0,71341.5,52309.0,72406.4,51644.1,9862.6,48665.2,-9225.5,35338.9,95.9,31.4
97,59086.8,64637.9,9634.8,31754.7,67346.6,59723.9,46711.5,10883.8,36382.7,31182.5,71480.5,65865.8,55956.8,37617.2,19504.0,45569.7,-7732.7,77574.8,95.9,31.4
98,38996.0,40666.3,9649.3,64973.0,43427.9,27328.1,22288.2,-4973.7,13419.0,-1208.0,32414.3,42508.7,17866.8,12719.6,28281.7,11311.6,-2825.3,118462.3,96.2,31.7
99,1238.5,-4940.6,-3977.6,61784.9,1876.9,6527.4,22116.0,1113.9,25235.3,-548.4,-960.3,5949.9,4479.6,-711.3,42516.7,-27900.3,-3394.8,132966.0,95.9,31.7
100,9987.1,-8369.8,1955.0,46812.2,-6193.6,16596.6,32022.3,1190.8,32206.4,-1514.0,215.9,16906.5,9214.9,-137.8,-1355.0,-26166.4,-23076.3,126442.7,95.9,31.7
101,13405.7,-8032.1,1055.7,22227.2,-3873.0,20184.8,32463.3,168.2,30908.3,-2672.9,904.7,20672.2,10928.8,2131.2,-28720.2,-23616.7,-53844.2,70648.7,95.9,31.7
102,12426.9,-8634.7,-3271.6,1781.5,-3812.0,19505.3,32382.5,-145.7,29508.3,-3408.1,1063.6,22251.1,9474.5,2406.7,-26908.2,-23452.4,-32553.4,27615.5,96.2,31.7
103,11766.0,-7465.2,-5208.1,-7500.9,-4010.7,19456.3,32745.5,-204.0,28518.8,-3417.3,1144.4,23480.3,6626.7,1744.4,-27534.7,-24673.7,-22547.8,17656.2,96.4,31.7
