工件号： 1220
检测时间： 2018/12/21 20:47:17
测量长度： 80 
0,-1986.8,-197.4,-11224.2,4523.3,1381.5,-5706.2,-2283.5,-3145.8,-13498.5,-2001.4,-1430.5,1.3,-700.7,-100.7,-198.7,78.1,43.7,-12148.8,94.5,32.6
1,1459.7,835.8,3368.3,1319.2,2831.9,-9077.1,-6895.6,-3655.8,-22057.7,-728.5,-316.6,-2094.1,-1268.9,-2465.0,20066.9,-1018.6,30287.1,-20290.7,94.7,32.6
2,-11344.8,3539.2,7131.4,8218.8,5853.2,-11356.7,-7498.3,-1968.3,-25214.1,1849.1,956.3,-3320.6,11844.1,-4014.7,55596.6,-3209.4,65541.3,-345.7,94.7,32.6
3,-8838.7,6625.4,-8326.1,11987.2,9342.0,-11645.4,-7246.6,-1543.1,-25941.3,2193.5,690.1,-5115.4,51030.9,-5665.1,74725.7,-339.1,73897.8,36246.2,94.5,32.6
4,5356.5,5527.3,2741.8,7940.7,7261.2,-12958.1,-4344.5,-809.3,-21269.6,2584.2,1045.1,-5702.2,74949.5,-7841.3,78663.6,9354.0,72928.3,47209.5,94.5,32.6
5,-679.5,6175.0,32080.5,5911.5,7565.8,-13442.8,3177.6,1520.6,-11940.8,4344.5,2647.8,-3708.7,71752.1,-7396.3,77965.5,-531.1,74025.0,41577.6,94.5,32.4
6,-12387.2,9924.8,32018.3,5037.3,10389.8,7055.9,38067.5,5639.9,51495.8,9630.8,8206.9,3160.4,67524.1,-2922.0,63693.5,-1140.4,45641.3,35160.1,94.2,32.4
7,-24546.5,13999.1,47642.7,4715.4,13474.6,52038.8,109913.6,14846.9,94507.8,18510.6,16329.0,15212.4,63721.3,5798.9,29065.9,7188.3,6128.7,27963.9,94.2,32.4
8,-54527.7,17672.1,60804.7,4882.3,17228.4,57057.5,107130.7,32444.8,73158.7,36552.2,22836.5,74454.2,60561.0,14048.2,8950.0,12540.8,7538.0,14069.3,94.2,32.4
9,-54579.3,21204.7,-8536.7,7294.3,21790.1,29083.1,129229.5,91468.0,136345.0,86781.7,69635.4,128914.3,68439.4,34365.4,36803.9,22386.2,17494.6,11943.4,94.2,32.4
10,-37135.0,24120.0,-74470.0,4454.5,23804.8,74889.9,148458.0,125498.2,174852.2,125398.9,127245.3,96227.1,45107.5,36087.3,61604.7,25929.3,20217.9,14050.8,94.5,32.4
11,-41275.6,116196.0,-55656.2,4679.6,23216.7,120494.1,122835.9,122931.3,160510.0,125071.7,120559.0,45863.8,1674.2,18643.0,6478.4,21652.4,14856.1,24084.3,94.2,32.4
12,-808.0,28026.1,-29234.1,12468.0,23644.5,110435.5,103677.6,87997.7,136133.0,80064.9,64110.8,49331.5,121.9,12658.7,-50616.3,15456.1,7934.0,31586.5,94.5,32.4
13,-25334.6,16652.2,-46352.5,15493.2,20525.2,132331.6,26426.1,33617.0,103939.9,25750.5,19864.2,30688.4,8661.2,4303.5,-53519.7,7367.1,996.1,24390.2,94.2,32.4
14,-49465.2,8295.6,-47247.9,6579.0,12523.6,140106.7,31481.9,8013.5,49591.1,10587.1,11415.0,24022.0,18803.3,-198.7,-2789.5,4292.9,17865.5,-6372.4,94.2,31.9
15,-56693.3,2529.9,14873.3,838.4,6092.9,107565.2,40351.0,605.3,-21191.4,2827.9,3536.5,7274.4,22872.3,-7021.4,49630.8,-2067.6,55436.3,-7869.1,94.2,31.9
16,-64430.0,1108.6,35635.6,491.4,4494.2,30081.8,-33622.3,-6138.0,16552.9,-3935.2,-1957.7,-39793.4,24439.2,-7764.5,60070.9,-3544.5,70720.3,85445.3,94.2,31.9
17,-69067.2,-2355.0,12105.0,8134.0,-286.1,3915.4,-76548.3,-9697.0,28850.0,2985.5,16813.8,-28846.0,26349.2,-6067.8,69179.8,-2994.8,66389.0,99655.0,93.7,31.7
18,-69884.5,-6563.1,58097.3,29471.2,-4965.7,6225.4,-82340.5,-13686.6,4567.0,36209.2,61331.9,-10238.8,29207.6,-6858.5,61592.8,-4450.5,71084.5,76170.8,93.7,31.7
19,-66546.6,-5177.7,125454.5,13078.6,-3348.5,42953.8,-83104.8,-14899.8,-38292.7,40708.7,66061.8,21633.8,61141.1,-6450.5,24525.3,-3805.4,71371.9,85071.7,93.7,31.7
20,-62534.5,-2327.2,132200.5,2127.2,27.8,56117.1,-76222.4,-10735.5,-17862.9,1663.6,20101.3,46580.4,119680.8,-5702.2,13407.1,-2446.4,62169.0,129841.4,94.2,31.7
21,-54164.7,3357.7,140856.4,8189.7,5409.5,49866.6,-14372.7,-4714.1,5120.7,-3740.5,-1462.3,45555.2,148999.7,805.3,58454.9,3571.0,20400.7,156724.5,94.2,31.7
22,-45632.0,9090.4,142427.3,8764.5,9981.8,42511.4,34068.7,939.1,-45534.0,2372.3,4144.5,19673.5,153218.4,7907.6,117007.9,9462.6,4650.5,114727.0,94.2,31.7
23,-46025.4,9706.3,139547.7,8746.0,10860.0,-2904.7,42262.3,1159.0,-86781.7,2454.4,2880.9,6110.1,105741.3,8964.5,138508.0,9957.9,4708.8,70868.6,94.2,31.9
24,-49550.0,6345.9,134295.9,2296.8,7592.3,-65812.8,46683.7,185.4,-105615.5,952.3,1972.3,14732.9,44453.1,8083.7,137880.1,8957.9,3087.5,12452.1,94.2,31.9
25,-54005.8,4213.4,130760.7,969.6,5205.5,-73689.9,45149.9,-393.4,-111477.9,716.6,1002.7,13682.6,16241.6,3208.1,108393.0,4438.6,-676.8,25277.7,94.2,31.9
26,68740.1,5071.7,101506.7,-2604.1,6308.8,19533.1,52049.4,6559.2,-5614.8,5254.5,8120.8,14658.8,68891.1,7853.2,93640.2,7866.5,5753.8,5266.4,94.2,31.9
27,57020.5,7171.1,161956.4,3005.4,8458.6,51780.5,43412.1,2332.5,21466.9,3704.8,4371.0,13596.5,8704.9,266.2,31051.4,663.6,-2160.3,39704.6,94.2,31.9
28,28924.1,8784.4,213427.0,6161.8,11147.4,125682.4,10592.4,2029.2,5964.4,3088.8,4099.5,19211.2,4996.2,-2282.2,30410.3,-1805.4,-3936.6,26493.6,94.2,32.4
29,39499.3,9996.4,186344.0,6678.4,12593.8,130534.2,10038.7,5177.7,11687.8,4825.3,6038.6,51853.4,50999.1,5336.6,63608.8,5478.3,3536.5,38288.7,94.2,32.4
30,25904.2,8413.5,129335.5,1405.3,10379.2,67098.9,12938.2,7236.0,-4144.5,7250.6,9173.8,65492.3,110709.7,10020.2,88608.3,10567.2,8229.4,87041.3,94.2,32.4
31,-38655.6,4247.8,56817.8,14135.6,6229.3,43484.9,1255.7,8104.9,22769.0,8940.7,11515.6,28030.1,130446.8,9506.3,48923.5,9887.7,8107.6,82275.6,94.2,32.4
32,-51898.4,1511.3,37181.4,35871.4,2213.3,42567.0,2132.5,6265.1,20184.8,6724.7,9375.1,27407.5,104796.9,11266.6,26459.2,11478.5,9369.9,101257.7,94.2,32.4
33,12079.9,2969.6,49107.6,20923.9,4744.5,30332.1,36209.2,3975.0,-13038.8,4118.0,6549.9,48846.7,52811.0,10112.9,46021.4,9694.4,6980.4,123651.8,94.2,32.4
34,69219.5,6553.9,89342.1,3891.5,10154.0,81524.6,38680.8,3373.6,17947.6,4630.6,5712.8,53785.9,24959.8,5390.9,58911.9,5079.6,2540.5,132960.8,94.2,32.4
35,51841.5,7963.2,167954.0,4120.7,12554.1,112328.3,34297.8,4216.0,72593.2,5590.9,5910.1,56629.7,27849.9,1170.9,50860.0,2643.8,43.7,129820.2,94.2,31.9
36,28807.6,13902.5,211893.2,17286.7,19710.6,135534.3,92487.9,7020.1,94367.4,8065.2,8462.5,67216.8,24861.8,-1439.8,17240.3,66.2,18156.9,125348.6,94.2,31.9
37,47753.9,16460.2,153839.6,46731.4,20358.3,147761.2,78686.1,4058.4,95205.8,6160.5,5776.4,64806.1,-4431.9,29099.0,-28795.7,25521.4,52539.5,98963.6,94.2,31.9
38,21818.0,5126.0,87046.6,45675.7,6873.1,93613.7,3243.8,-3398.8,68446.0,-2012.0,2384.2,51562.0,-69418.2,71190.5,-53476.0,72454.1,65987.6,13528.9,94.2,31.9
39,-47634.7,1786.8,34601.2,20763.6,3332.6,50256.0,-6217.4,-2886.2,12401.7,-684.8,1602.7,49328.8,-54729.0,68150.6,-79462.3,68781.1,61700.1,-24188.9,94.2,31.9
40,-115288.6,-296.7,-17942.3,-3374.9,1600.1,41367.0,61962.3,-504.7,45059.8,2927.3,-1868.9,27416.8,-20523.9,62130.6,-48453.3,63574.3,56033.7,-66248.6,94.5,31.9
41,-149309.6,-2671.6,-31246.1,604.0,-1853.0,39729.8,109969.3,-1310.0,92744.8,2495.4,-2012.0,68199.6,-16933.0,58896.0,26536.0,61947.8,52785.9,-102089.5,94.5,31.9
42,-80188.1,-1810.7,-12364.7,-2470.3,-1516.6,62622.0,122665.0,-1396.1,125715.5,2475.6,-401.3,112754.8,-45392.3,55391.3,40332.5,58537.1,48164.5,-96417.8,94.7,31.9
43,-36268.8,1029.2,12024.2,-4810.8,1227.9,102885.6,174338.3,882.1,192745.5,4479.6,2634.5,129449.4,-77327.1,52139.5,59168.9,55885.3,45094.2,-57922.5,94.7,31.9
44,-54627.0,1871.6,-49420.2,1094.1,2267.6,105795.6,181815.4,3018.6,171242.8,6130.0,3764.4,191928.3,-40463.6,52895.8,135707.9,55652.2,44560.4,-43357.7,94.7,31.9
45,-78184.1,7671.8,-198735.1,14151.5,18292.0,53117.0,135102.5,1325.9,68959.9,5609.5,23317.3,155528.4,-875.5,50081.2,120604.0,54110.4,42760.4,-56726.4,94.7,32.4
46,-180714.7,37027.7,-336497.4,41879.6,47936.7,-67230.1,7865.2,31458.0,-55840.3,35825.0,53395.2,47463.8,-34436.9,42806.7,34844.9,48059.9,4210.7,-129752.7,94.7,32.4
47,-265897.7,53885.3,-390678.0,54697.2,50871.9,-184036.6,-119091.4,51621.6,-191578.6,55946.2,53050.8,-72329.6,-92016.3,25736.0,-52429.6,29891.1,-45695.6,-185591.7,94.7,32.4
48,-287834.8,45161.8,-379661.7,44279.6,42272.9,-242674.4,-167421.5,41453.0,-235537.7,44381.6,43188.2,-121058.4,-131203.1,-23580.9,-116235.7,-25802.2,-61180.9,-237471.5,94.7,32.4
49,-245075.8,46967.1,-294101.3,44605.5,46788.3,-161801.5,-83820.0,47320.8,-161496.8,49649.3,48916.9,-52581.9,-100898.7,-3780.3,-59721.2,-608.0,-45806.8,-214711.8,94.7,32.4
50,-125904.9,35124.4,-152113.7,29726.8,37592.0,-626.5,82016.0,30867.3,45318.1,33386.6,48943.4,71272.6,-7591.0,47992.3,55074.7,52494.5,28322.8,-167833.4,94.7,32.4
51,45524.7,6886.3,-13780.6,2443.8,13403.1,121559.0,162160.4,5405.5,144827.4,3965.7,19106.6,170648.1,98918.5,61359.7,107137.4,59485.4,56945.0,-172037.6,94.7,32.4
52,212392.6,62463.0,161349.8,75215.8,73605.1,233386.6,163910.1,27121.4,164049.2,24112.1,16661.5,223247.2,172113.1,32300.4,115940.3,26036.6,50460.0,-80266.3,94.7,32.4
53,310475.3,134529.0,336925.2,137868.2,136466.8,292963.5,174935.7,33777.3,171770.0,38242.3,24620.7,160935.2,237119.2,4343.2,115735.0,6622.7,20861.6,81051.7,94.5,32.4
54,302071.1,144263.1,503725.5,139440.4,143647.2,238037.1,120149.7,27608.9,134968.8,31606.4,23146.5,89824.2,236343.0,17531.7,126498.3,20315.9,14242.9,279177.6,94.5,32.4
55,184839.3,143508.1,483253.3,138472.2,141558.4,131518.3,28816.9,15446.9,18451.0,18444.3,15494.6,33534.9,198711.3,26314.8,92552.8,26361.1,21093.4,348454.1,94.5,32.4
56,56144.9,133631.0,328475.9,127259.9,119483.5,47417.5,-76027.7,3235.9,-70965.3,5633.3,15083.9,-20513.3,154717.8,24094.8,47593.6,23392.8,19983.5,330746.2,94.5,32.4
57,-40809.3,75038.3,205315.5,67472.5,59057.6,-30802.4,-147340.0,9179.1,-147063.2,17699.9,50226.9,-39137.7,118592.1,17370.1,56619.1,16489.3,14715.7,264763.8,94.5,32.4
58,-103965.1,15333.0,100693.4,14831.0,9773.8,-94996.6,-136570.1,40050.4,-184791.6,49018.9,65645.9,-35079.3,63414.0,8663.9,49714.3,5573.7,6218.8,185279.1,94.5,32.4
59,-164243.9,3446.5,22053.7,8890.4,-838.4,-161050.4,-119324.5,50424.2,-233765.5,53872.0,53575.3,-28076.4,27778.4,1688.8,52797.8,17821.8,10070.5,106268.5,94.2,32.4
60,-226390.4,3099.4,-36799.9,17163.5,35556.2,-165418.8,-151454.1,44471.7,-208604.3,47834.7,48907.6,-41714.0,53168.7,-6107.5,60919.9,59047.0,41622.6,45462.5,94.5,32.4
61,-193981.3,35014.4,-44259.8,43902.1,66126.7,-173249.5,-172726.3,41235.8,-161964.4,45087.6,46189.6,-75642.3,47975.1,21021.9,71085.8,69007.6,68300.3,-8498.3,94.5,32.4
62,-139455.0,61623.3,-48138.0,60300.0,61738.5,-151464.7,-155870.1,35919.1,-168271.9,39860.9,34866.1,-78856.9,50425.5,64775.7,66399.6,59837.8,64737.3,-91889.2,94.7,32.4
63,-100186.1,63052.4,-72511.0,50428.2,59198.0,-90313.0,-91228.2,35931.0,-158713.9,39090.1,34080.6,-79923.2,60665.6,59021.8,56519.8,54784.6,59252.3,-93509.1,94.7,32.4
64,-119043.7,63422.0,-67888.4,55804.5,60643.1,-57036.4,-45337.9,41641.1,-94266.7,46274.4,45731.3,-74370.7,61265.6,56548.9,29856.6,52943.5,55129.0,-98274.8,94.7,32.4
65,-132579.3,61085.5,1556.3,60947.7,58492.0,-84630.7,-73615.7,42684.9,-53895.8,48102.3,46539.3,-67990.4,56983.4,52797.8,-30103.0,50196.4,51844.1,-106386.3,94.7,32.6
66,-74770.7,63339.9,49712.9,57976.8,61100.1,-83265.0,-89551.3,46332.7,-82798.8,50475.9,49564.6,-31658.0,56948.9,52640.2,-52736.9,50670.6,51842.8,-106844.6,94.7,32.4
67,-30167.9,64985.0,33802.5,48852.0,68620.8,-71472.6,-39157.6,52767.3,-110338.8,57260.2,55952.9,32851.4,51332.8,53579.3,-32329.6,51584.5,51546.1,-71648.8,94.7,32.6
68,-25750.5,65064.4,-6420.1,49687.8,69799.7,-14654.8,30236.8,56541.0,-56253.5,59647.0,58039.0,54188.6,48164.5,51371.3,19518.5,50371.2,49363.2,-44504.8,95.0,32.4
69,-15423.0,48850.6,-58953.0,64657.8,69208.9,40498.0,34557.5,60449.7,5577.7,62859.1,61967.6,27243.3,52448.1,52167.3,64117.4,52344.8,49906.3,-52887.9,94.7,32.6
70,-17346.3,8273.1,-57270.8,62810.1,71675.3,20733.1,12657.4,24518.7,245.0,42181.5,69030.1,12450.7,53830.9,56429.7,71450.1,58454.9,54388.6,-56066.8,94.7,32.4
71,-47939.4,-9450.6,-23350.5,47500.9,33081.9,4943.2,49710.3,-13281.2,15129.0,-202.7,64946.5,24346.5,52555.4,61551.7,39184.1,62945.2,58292.0,-53513.1,94.7,32.4
72,-60184.8,-8500.9,2034.5,50306.3,24676.3,27716.2,110269.9,-10144.7,92521.0,-7969.8,40736.5,46814.8,49743.4,62420.6,52959.4,63406.1,57956.9,-53118.3,95.0,32.4
73,-64688.3,-10995.1,-45643.9,54246.9,34515.1,28406.3,132931.6,-6214.8,111308.4,-5430.6,6074.4,95268.1,49275.8,64296.2,78800.0,65288.3,59955.7,-55461.5,95.0,32.4
74,-67022.1,-6340.6,-72413.0,53454.8,28906.9,14392.5,131928.9,-2876.9,105485.7,-3096.8,-1361.6,118586.8,52719.6,69594.4,39883.5,71262.0,65430.0,-5572.4,95.0,32.4
75,-29285.8,-3577.6,-70259.3,33990.5,26448.6,3567.0,122175.0,-1132.5,42822.6,-574.9,556.3,65129.3,58550.3,31768.0,1998.7,33819.7,70405.0,5470.4,95.0,32.4
76,-38519.2,-4832.0,-26053.9,8609.6,-1492.8,-1027.8,90649.4,292.7,-5266.4,757.6,2755.1,26966.5,54717.1,-5225.3,8425.4,-3337.9,54835.0,21799.4,94.7,32.4
77,-25158.5,-4287.6,47433.4,14189.9,11.9,3039.8,25929.3,2805.4,-8437.4,2278.2,4989.6,21527.9,29018.2,-2133.8,17306.5,200.0,20289.4,95978.1,94.7,32.4
78,47878.4,-1304.7,112807.8,-4292.9,2696.8,32434.2,5761.8,4871.7,-5618.7,4877.0,7385.7,13505.1,77655.6,3050.4,28896.3,5025.3,2732.5,127119.5,94.7,32.4
79,46298.2,553.7,123239.9,-5561.8,4008.1,97254.9,-2443.8,6455.8,-1915.3,6410.8,8677.1,6571.1,137154.3,7004.2,36039.6,7516.8,1125.9,136501.3,94.7,32.4
80,15996.6,4888.9,131686.5,643.7,8286.4,128899.7,-6339.3,7074.4,10963.3,7602.9,9078.5,728.5,145014.1,9197.7,71479.2,8471.8,2441.1,138753.0,94.7,32.4
81,53146.2,6530.0,113083.3,5912.8,9530.1,129273.2,-7739.3,5238.6,10303.7,6043.9,7144.6,-2838.5,148287.1,10576.5,116822.5,8757.9,2684.9,138539.7,94.7,32.4
82,79980.2,2394.8,84624.0,-355.0,5193.6,122582.9,-8244.0,2496.8,3956.4,3253.1,5808.1,-2348.4,152177.3,8602.9,94379.3,7028.1,2021.3,138698.7,94.7,32.4
83,69628.8,687.4,52881.2,-2826.6,2665.0,76088.6,-12332.9,1621.2,-6907.5,1706.0,5164.4,4749.8,155540.3,6369.8,44492.9,4891.6,808.0,139293.4,94.7,32.4
84,26785.0,-373.5,14992.6,-3572.3,1147.1,15958.2,23971.7,-3017.3,-21696.1,-4025.3,-431.8,44647.9,155994.6,5143.2,20472.2,3022.6,96.7,136196.6,95.0,32.4
85,-36788.0,-1642.4,-784.1,-4818.7,-741.7,1748.4,45889.0,-9293.0,5677.0,5120.7,4311.4,54983.3,146951.9,373.5,6867.8,-1337.8,33398.5,121630.6,95.0,32.6
86,-44494.2,-4422.7,19383.4,2129.9,-4765.7,24261.7,41159.0,-9881.1,30965.3,-402.7,4202.8,52951.4,110262.0,-3900.8,4736.6,-4220.0,67561.2,71386.5,95.0,32.6
87,-17175.4,-2620.0,48894.4,11931.5,29330.8,58347.7,40880.8,-11473.2,21645.8,10083.8,19028.5,55572.7,45364.4,-4724.7,29026.1,4435.9,65455.2,1960.3,95.0,32.6
88,-10711.6,-762.9,36042.3,41148.4,59645.7,50212.3,41948.4,-13600.5,16309.2,35303.2,59537.1,59425.8,16162.1,-2820.0,38854.3,39752.3,72676.6,-5224.0,95.0,32.6
89,-21559.7,9996.4,47028.1,27736.0,38532.4,44028.0,43939.2,585.5,14597.8,39349.7,73729.6,62876.3,2618.6,46953.9,58392.7,73287.2,68598.3,22375.6,95.0,32.9
90,-41596.1,48757.9,32054.1,43087.5,56082.7,36950.9,44602.8,19375.5,16420.4,68346.7,71164.0,40974.9,-1419.9,70485.8,26415.5,70146.7,66204.9,25359.8,95.0,32.9
91,-96865.5,64611.4,-43784.3,60476.2,65893.6,34835.6,3686.2,-1015.9,29027.5,69530.8,73207.8,-1472.9,23061.7,67379.7,8104.9,68169.2,62914.7,-439.7,95.0,32.9
92,-79271.5,63694.9,-41721.9,61590.1,65289.6,43461.1,-6376.4,35499.2,1337.8,68700.3,72485.9,802.7,61049.7,67110.9,29908.3,66961.2,62222.0,-30256.6,95.0,32.9
93,-38643.7,60566.3,-56511.8,57272.1,64033.9,54372.7,4912.7,45134.0,-26085.6,66167.8,70718.9,4012.1,64045.9,67533.4,59115.9,67407.6,63346.5,-21684.2,95.2,32.9
94,-18546.3,65713.5,-22421.9,65402.2,69509.6,47188.3,7057.2,19802.0,-19409.9,58587.4,73149.5,564.3,61112.0,59257.6,75687.3,70438.1,64100.2,22572.9,95.2,32.9
95,-8353.9,69055.3,15578.0,69321.5,73557.4,2019.9,8391.0,-8583.1,-11400.4,36238.3,55123.7,-482.1,60207.3,50748.7,71056.7,72854.1,66398.3,41767.0,95.2,33.1
96,-1320.6,59706.6,-7187.0,71026.2,59223.2,-9738.1,7361.8,-11376.5,-9127.5,1201.4,20367.6,-723.2,61455.0,15435.0,69345.4,70028.8,69504.3,46404.2,95.2,33.1
97,2711.3,49795.0,590.7,65505.5,44311.4,-7899.6,1401.4,-13955.4,-13771.3,19599.3,49846.7,-4679.6,61280.2,-4498.2,67877.8,60660.3,71320.3,27838.0,95.2,33.1
98,2152.4,63924.0,9706.3,65162.5,74488.6,-9979.1,3020.0,-11889.1,-11089.1,20220.5,45667.8,-3329.9,57341.0,36309.8,66832.7,64546.5,69929.5,52130.2,95.2,33.1
99,1384.2,30540.1,5877.0,33863.4,39902.0,-10505.0,1431.8,-9275.8,-10724.9,-8646.6,10369.9,10336.8,59747.7,21035.1,68595.7,33976.0,71733.5,12520.9,95.2,33.1
100,-1923.2,-6202.9,-7528.7,-4785.6,-3692.8,-8768.5,-6924.7,-9573.8,-19347.7,-7461.2,-5667.7,52837.5,62897.5,10665.3,67933.4,34537.6,71571.9,-24088.2,95.2,33.1
101,3531.2,-8744.7,22878.9,-3865.0,-6045.2,-11840.1,-11689.1,-9229.4,-24547.8,-6960.5,-414.6,72998.5,64052.5,10669.2,70358.7,30022.2,71732.2,-16205.8,95.2,33.1
102,-25187.6,-9115.5,36390.6,10389.8,-716.6,-11952.7,-14408.4,-9255.9,-28030.1,-6556.5,21183.5,62236.5,34380.0,-3363.0,73001.1,9767.2,72707.1,-9618.9,95.2,33.1
103,-67318.8,-5340.6,-12894.5,-2133.8,-2508.7,-7968.5,-14232.3,-7527.4,-25292.2,-4659.8,-4515.4,52603.1,3062.4,-6225.4,75766.8,586.8,64367.7,-6763.1,95.2,33.3
104,-72799.8,-1769.6,-2866.3,-4168.4,-337.8,-9028.1,-11706.4,-3653.1,-23267.0,1010.6,-11.9,18103.9,374.8,-3698.1,77470.1,-2967.0,66321.4,-8987.1,95.2,33.3
105,-72550.8,95.4,16551.5,-1649.1,1384.2,-9532.8,-10539.4,-735.1,-22582.2,3123.3,2315.3,-6710.2,1398.7,-2482.2,78892.7,-2441.1,45564.4,-12558.0,95.2,33.3
106,-70354.7,347.0,6730.0,-2065.0,2363.0,-7700.9,-9470.5,-570.9,-21020.6,2931.2,1686.1,-4478.3,4368.4,10.6,49783.1,732.5,10263.9,-12792.5,95.2,33.3
107,-70651.4,-1525.9,31468.6,-4210.7,517.9,-7624.1,-10604.3,-3867.7,-23211.4,-570.9,-1294.1,-3617.3,4133.9,-853.0,65898.9,-589.4,52611.0,-16729.0,95.2,33.3
108,-69864.6,1264.9,46446.6,-883.5,3729.9,-6119.4,-11444.1,-6204.2,-27198.3,-3661.0,-3059.7,-3010.7,1246.4,-3053.1,80556.3,-3431.9,71466.0,-23175.6,95.2,33.3
109,-73146.8,3676.9,52811.0,1682.2,5902.2,-7385.7,-11509.0,-5707.5,-29860.6,-3663.7,-2756.4,-1751.1,-1320.6,-4753.8,79225.2,177.5,75184.0,3463.7,95.2,33.3
110,-75276.7,4618.7,60343.7,1982.8,6290.3,-8216.2,-11946.1,-8045.3,-33605.1,-5651.8,1777.5,-238.4,-2378.9,-5747.2,79572.2,4532.6,74932.3,43902.1,95.2,33.3
