工件号： 1220
检测时间： 2018/12/21 20:46:17
测量长度： 80 
0,7938.0,1849.1,-3413.4,1831.8,1470.2,768.2,8632.1,6600.2,5035.9,5151.2,5304.8,16264.1,22110.7,3919.3,46855.9,4926.0,-47364.5,18139.7,93.0,32.4
1,15034.9,3310.0,26214.1,5853.2,2818.6,2492.8,15253.5,12784.5,6327.4,12123.6,10991.1,69709.6,81964.3,10561.9,110652.7,11693.1,-50547.4,81367.0,93.0,32.4
2,45348.5,9112.9,35391.9,15093.2,7897.0,7667.8,17033.7,15495.9,912.6,16117.1,13416.3,123800.2,135666.8,17387.3,129800.4,18311.9,-43115.4,139315.9,93.0,32.4
3,72354.7,16252.2,8716.8,23346.5,14755.5,13816.4,16780.7,16954.2,-3789.5,17693.3,14782.0,136274.8,145638.0,20530.5,113369.4,21489.5,-39479.5,150599.8,93.0,31.9
4,40719.2,19545.0,22361.0,20082.8,16734.3,18412.5,18452.3,19073.5,3254.4,19468.2,18114.5,141497.5,151198.4,23064.3,88436.1,24630.0,-36100.5,154226.4,93.0,31.9
5,15368.7,19636.4,54074.7,13930.3,16150.2,23542.5,22877.6,19192.7,13359.4,18946.3,18947.7,144392.9,155078.0,25374.4,80612.0,26973.1,-33250.1,150266.0,93.0,31.9
6,2492.8,16201.9,62157.1,11522.2,13872.0,21178.2,24840.6,17946.3,18564.9,17725.1,18208.6,131747.5,148553.3,24498.8,114033.0,25037.9,-35272.7,107553.3,93.3,32.4
7,15691.9,11907.7,36142.9,6197.6,9128.8,11973.9,43371.0,17276.1,55660.1,17376.7,17256.2,79103.3,131770.0,17505.2,133029.6,19356.9,-42484.9,32308.4,93.3,32.4
8,38038.4,9249.3,21843.1,19751.7,3594.8,9636.1,101865.7,32785.2,111010.3,21780.9,21456.3,90992.5,80088.8,11890.5,124890.3,16939.6,-46392.3,3020.0,93.3,31.9
9,-21309.3,12473.3,44945.9,31146.7,5124.7,12611.0,123539.2,83394.9,147378.5,67442.0,29724.2,135178.0,21927.9,11713.0,121988.2,18575.5,-45417.4,467.6,93.3,32.4
10,-80865.0,14894.5,102431.3,2720.6,9331.4,8583.1,124741.9,83206.8,154663.5,78751.0,30591.8,132686.6,14776.7,10315.6,59534.4,17623.1,-46908.9,35035.6,93.3,32.4
11,-78533.8,8769.8,103243.2,-1976.2,9205.6,-2696.8,129436.1,27150.6,115282.0,16729.0,19886.8,58529.1,41855.7,4258.4,26806.2,9066.5,-30340.1,55788.6,93.3,32.4
12,-68374.5,-1896.8,38112.5,-3374.9,4388.2,29759.9,76746.9,1711.3,59208.6,5443.9,8405.6,25215.4,52764.7,-2221.3,47524.8,14197.8,3031.9,40188.1,93.3,32.4
13,-62280.2,-8397.6,17962.2,1662.3,-2178.9,61962.3,11715.6,-4853.1,12909.0,-1561.6,1178.8,55800.5,44632.0,-2455.7,39471.5,21647.1,16110.5,-7338.0,93.3,32.4
14,-63922.7,-10905.0,12389.8,36288.6,-5435.9,48041.3,7891.7,-3874.3,12099.7,-117.9,3176.3,51609.7,31333.5,2498.1,33548.1,3020.0,3312.7,-66313.5,93.3,32.4
15,-81095.4,-4682.3,24188.9,16246.9,1396.1,-18437.7,83197.5,7938.0,71431.5,9856.0,11572.6,17388.7,7051.9,12612.3,38019.8,6243.9,-40535.1,-75572.1,93.3,32.4
16,-77439.7,3208.1,-2627.9,13641.5,11364.6,-19741.1,139266.9,56488.0,142351.8,51393.8,36099.2,20445.7,33578.6,31136.1,11126.2,17178.1,-44826.7,-77335.0,93.3,32.4
17,-1304.7,11628.2,-82108.7,16502.5,18011.2,35850.2,187248.7,125703.6,188969.3,118641.1,103374.3,20739.8,45077.0,84841.3,-41858.4,28689.7,-33603.8,-76068.8,93.3,32.4
18,58982.1,16337.0,-137333.1,14429.6,22410.0,82271.6,182222.0,139045.7,200169.6,136164.8,136741.0,36460.8,43613.4,102534.6,-43299.5,31497.7,-31321.6,-62982.2,93.3,32.4
19,35672.7,13240.2,-142728.0,15098.5,20301.3,128907.6,110998.4,111741.5,158291.4,105322.7,94041.6,40217.2,16404.5,47331.4,-29418.2,20840.4,-42380.2,-4511.4,93.3,32.4
20,-845.1,5523.4,-77572.1,18792.7,14048.2,145291.0,55327.7,51520.9,123951.2,46840.0,36062.1,-32605.1,3302.1,11927.6,-45263.8,8661.2,-54628.3,32794.5,93.3,32.4
21,-2951.1,-1184.1,-37433.0,16509.2,8674.5,135820.4,39586.8,13854.8,74022.4,14211.1,14323.7,-71532.2,10825.5,5904.8,-78235.7,4053.1,-58537.1,24118.7,93.3,32.4
22,401.3,-1339.1,-30075.2,15460.1,6916.8,125342.0,34158.8,8967.2,15146.2,8187.0,7738.0,-79943.1,22767.7,6091.6,-74789.3,4337.9,-58921.2,94457.5,93.3,32.6
23,9710.3,-792.1,15019.0,17825.8,7534.0,73376.0,-34475.3,4927.3,1237.1,4420.0,4839.9,-83604.1,78266.2,3247.8,-15387.3,1634.5,-23158.4,125433.3,93.3,32.6
24,49518.2,-2490.1,86222.8,6242.6,3947.2,15612.4,-72348.1,3458.4,30960.0,1535.2,3102.1,-77744.3,123904.8,2194.8,29518.9,1785.5,-27402.2,130622.9,93.3,32.6
25,112675.3,-5586.9,133178.0,8944.7,-853.0,20282.8,-72308.4,2565.6,36181.3,438.4,3376.3,-14513.1,108357.3,6352.5,15645.6,7384.4,-54358.1,128173.8,93.3,32.6
26,127793.7,-5365.7,138788.8,7763.2,-222.5,59012.6,-66336.0,-1295.4,-44020.0,-1729.9,639.8,55766.1,101008.7,5033.3,36684.7,6193.6,-56103.9,110239.5,93.3,32.6
27,106396.9,-6898.2,78356.3,2965.7,1.3,49985.8,-31313.6,-5013.4,-82651.8,-5820.1,17963.5,30650.0,124679.7,1278.2,58934.4,806.6,-23949.1,54424.3,93.0,32.6
28,53514.4,-9212.2,29018.2,4943.2,-2524.6,-14105.1,6780.4,-6406.8,-63076.3,-7049.2,28222.1,-132.5,120133.8,-202.7,83691.5,-1316.6,-9053.3,29922.9,93.0,32.6
29,13381.9,-12490.5,87254.6,768.2,-5682.3,-79099.3,33247.5,-5666.4,-27183.7,-6948.6,11947.4,8746.0,56554.2,-243.7,120540.5,-1760.3,-19566.2,55547.6,93.3,32.6
30,8890.4,-12154.1,145945.3,63.6,-6299.5,-83347.2,24733.3,-6310.1,-29695.0,-2570.9,17178.1,7732.7,64257.8,-3488.9,118965.6,16921.1,10320.9,53714.4,93.3,32.6
31,43912.7,-9246.7,157203.9,-2213.3,-5054.5,-35443.6,11493.1,-3462.4,-58213.9,437.1,4760.4,4047.8,122853.1,-2737.8,118986.8,28729.4,-3398.8,49323.5,93.3,32.6
32,99783.5,-6159.1,125230.7,-4012.1,-2543.1,17556.9,6351.2,-719.2,-90470.6,-3168.3,1178.8,4250.5,117080.7,2835.9,122769.7,7752.6,-40532.5,51967.3,93.0,32.4
33,97464.2,-2329.9,129146.1,2929.9,2070.3,18808.6,26430.0,-1969.6,-56731.7,-3845.2,-454.3,5609.5,50613.6,3080.9,120119.3,2690.2,-56787.3,63390.2,93.0,32.6
34,98807.3,-2257.0,179459.0,2030.5,1810.7,75173.4,48550.0,-4155.1,12354.1,-5035.9,7932.7,8034.7,5890.3,-196.0,81710.0,-102.0,-54660.1,45030.6,93.0,32.6
35,152601.1,-1907.3,189252.7,-3196.1,18.5,137860.3,53850.8,-2205.4,26810.2,-2948.4,9581.8,14180.6,17239.0,980.2,47531.4,1613.3,-52156.7,62863.0,93.0,32.6
36,146590.3,2192.1,189455.4,3911.4,2955.1,111879.2,34006.4,5858.5,10210.9,4274.3,6039.9,71228.9,95605.9,8539.4,94513.1,9301.0,-49367.2,126833.4,93.0,32.6
37,64893.6,3184.2,159623.9,17987.4,5009.4,61519.9,18734.4,14612.4,30646.1,11705.0,13632.2,92189.8,146024.8,14617.7,129467.9,16020.4,-43079.6,136478.8,93.0,32.6
38,50120.9,1552.4,58996.7,8489.0,4090.2,45228.0,31185.2,13209.7,54860.1,12085.2,13073.3,37799.9,134343.6,15905.2,52264.0,14551.5,-44571.0,125633.4,93.0,32.9
39,75716.4,1492.8,28080.4,3976.3,4182.9,45590.9,17286.7,7874.4,54346.2,7989.7,8205.6,-2153.7,69578.5,13640.2,30076.5,10997.7,-47965.8,125953.9,93.0,32.9
40,92600.5,4866.4,80270.2,3412.0,7686.4,91653.4,-35654.2,2605.4,41257.0,4964.4,4575.0,-63461.7,81384.2,9142.0,48237.4,5430.6,-53910.4,159413.3,93.0,32.9
41,150067.3,12422.9,114803.9,30714.9,29210.3,165793.6,6070.4,5306.1,128682.5,8470.5,5573.7,-65390.3,80033.1,3384.2,-1649.1,5135.3,-39124.5,121752.4,93.3,33.1
42,227524.2,29418.2,123474.3,78055.6,50799.1,192660.8,12979.2,8654.6,189190.5,12299.8,7198.9,-64480.3,15661.5,36806.5,-55089.3,42295.5,-3393.5,120912.7,93.3,33.1
43,185138.7,27574.4,155082.0,54796.5,28554.6,164138.0,33793.2,3736.5,133476.0,6344.6,11783.2,-76974.8,-27937.4,44477.0,-43900.8,76223.7,13868.0,159679.5,93.3,33.3
44,85144.6,11248.1,85149.9,14485.3,13393.8,114429.0,19424.5,-4214.7,47767.2,373.5,32215.7,-82365.7,-79325.8,39079.5,-87073.1,68325.5,4910.1,102814.0,93.3,33.3
45,-3135.2,1551.0,-12624.3,26910.8,1532.5,66738.7,35697.9,-8226.8,85736.7,-1464.9,62533.2,-29524.2,-162775.0,54187.2,-153505.8,52931.6,-22343.8,11543.4,93.3,33.3
46,-27235.4,-5176.3,-64026.0,46518.1,-5499.5,109563.9,139228.5,-2037.2,206428.1,1480.8,38476.8,62685.5,-235937.7,45907.5,-99037.8,45323.4,-79846.4,-46470.4,93.3,33.3
47,50216.3,-1702.0,-63220.7,24635.3,-1728.5,177762.3,213334.3,4976.3,278280.9,8591.0,2410.7,139489.4,-213314.4,34957.5,-33271.3,36606.5,-112311.1,-39666.2,93.3,33.3
48,107912.2,-3763.0,-67861.9,16530.4,-3128.6,186257.9,261934.6,6581.7,270285.9,9666.5,4031.9,183832.7,-161090.2,20806.0,-5916.8,28451.3,-115875.4,-82771.0,93.5,33.3
49,60757.0,7008.2,-141759.7,15742.2,18636.4,97160.9,216725.2,-672.9,161943.2,6077.0,39227.8,152308.4,-102643.2,9441.4,15404.5,34247.5,-116880.7,-132220.3,93.7,33.3
50,-129124.9,36850.2,-285878.5,31487.1,36149.6,-75399.9,42472.9,26357.2,-51826.9,30734.8,50723.6,17681.4,-101204.7,-34146.8,-29455.3,-14065.4,-122785.6,-173215.1,93.7,33.3
51,-300693.5,-16718.4,-383692.3,-20742.4,-39243.7,-234900.6,-166352.6,42021.3,-218546.4,43755.1,8000.3,-127820.2,-189344.1,-66130.7,-112364.0,-63228.6,-131327.6,-288822.9,93.7,33.3
52,-260061.7,-28865.9,-329211.0,-45853.2,-40160.3,-218200.7,-127226.8,48183.1,-139637.8,48879.8,30320.2,-80609.3,-193312.4,-52217.6,-102447.1,-56020.4,-129473.2,-340705.5,93.7,33.3
53,-34537.6,28167.8,-177220.5,26946.6,30191.7,31513.6,130173.9,25851.2,149209.0,31322.9,35296.5,121923.3,-53162.0,31434.2,47806.9,29235.4,-82686.2,-306718.9,93.5,33.3
54,411432.3,119306.0,498015.4,117625.1,115299.2,280761.7,187126.8,21660.3,232499.2,22889.5,22260.3,185091.0,250426.9,36810.5,108264.6,39294.0,-8901.0,12381.9,93.5,33.6
55,246273.2,139486.8,519614.8,147363.9,138813.9,131442.8,40851.7,12440.2,59192.7,13514.4,12723.6,54454.8,258819.3,22747.8,94025.7,21900.1,-41871.6,383677.8,93.7,33.3
56,87845.3,100530.5,304488.4,104632.6,81953.7,24040.5,-86755.2,29232.8,-85208.2,36297.9,37362.8,-16911.8,203781.7,25746.6,33807.8,22863.0,-39056.9,444254.6,93.5,33.6
57,-43968.4,21735.8,118556.3,23897.5,5565.7,-87675.8,-134305.2,60966.3,-189842.1,61161.0,63342.5,-30423.5,159423.9,21280.2,31764.0,15013.7,-43838.6,349549.5,93.7,33.6
58,-125515.5,-398.7,13947.5,7201.6,14805.8,-184683.0,-162320.7,48282.4,-224330.7,50085.1,52901.1,-30183.8,72741.5,15016.4,57243.0,4684.9,-49755.3,252743.6,93.7,33.6
59,-182591.6,33395.8,-74781.3,42446.5,48988.4,-244732.7,-159324.5,38638.4,-211046.8,39132.4,43165.7,-42581.6,20327.8,7013.5,57627.1,27893.7,-51487.8,154810.5,93.7,33.8
60,-160480.9,59319.9,-64324.0,67880.4,52147.4,-204054.5,-136178.1,34387.9,-226136.1,29672.5,6039.9,-70132.2,44674.3,19509.3,63343.8,63802.1,-14599.2,75255.5,93.7,33.8
61,-122488.9,51445.4,-33421.0,61599.4,45515.4,-140848.4,-156827.8,-2168.3,-246735.4,-16684.0,-35194.6,-81805.4,60112.0,53758.1,64076.3,65729.4,14340.9,40879.5,93.7,33.8
62,-144830.0,41092.8,-50136.8,47935.4,13539.5,-139003.3,-163520.7,-14593.9,-178035.1,-27706.9,-30024.8,-86514.2,67597.0,68133.4,59110.6,62176.9,9195.0,42272.9,93.7,34.1
63,-128355.3,42143.1,-53771.3,51506.4,16403.2,-155752.2,-159230.5,19047.0,-125924.8,7270.4,-24045.8,-65648.6,67797.0,66235.3,18252.3,59130.5,6388.3,-18832.4,93.7,34.1
64,-61153.0,49527.5,-49769.9,59327.8,47824.1,-131672.0,-89171.2,26463.1,-153597.2,733.8,-36328.4,-63012.7,24799.5,61574.3,-16337.0,53413.7,2012.0,-37027.7,93.7,34.1
65,-45340.6,55284.0,-38245.0,50675.9,52772.6,-71954.7,-46804.2,40035.8,-126588.4,24901.5,14490.6,-66879.1,18829.8,57461.5,-21628.5,52407.1,-1923.2,-36989.3,93.7,34.6
66,-72871.3,56911.8,-60457.7,49523.5,55438.9,-55216.4,-59726.5,46092.9,-57122.4,48760.6,47683.7,16695.9,50856.0,54294.5,-19432.4,50399.0,-6490.3,-113205.1,94.2,34.6
67,-15895.9,57029.7,-67855.3,58945.0,55235.0,-47220.1,7510.2,52126.3,-31995.8,53219.0,53339.5,41332.5,16669.4,52249.4,36429.0,49629.5,-9318.2,-123369.7,94.2,34.6
68,28991.7,36576.1,-69424.8,55715.8,62223.3,20933.2,35409.1,61918.6,15980.7,63044.5,62606.1,14995.2,-53445.5,52693.2,48821.5,51685.2,-9391.0,-113022.3,94.2,34.6
69,8979.1,-6030.7,-60339.8,49596.4,48102.3,44005.4,67509.5,32532.2,59768.9,39919.2,61361.0,35056.8,-66203.5,53436.2,49062.6,53032.2,-9773.8,-138763.6,94.2,34.6
70,14098.5,-14020.3,-64355.8,6575.1,-6289.0,92942.2,139680.2,-6021.4,132023.0,1133.8,22554.4,105096.2,-61028.5,61285.5,51004.4,61106.7,-3539.2,-90009.6,94.2,34.6
71,-286.1,-13299.8,-71570.6,-6983.0,-9803.0,45408.1,140293.4,-827.8,95976.7,802.7,1098.1,124102.2,-47522.1,69624.9,48338.0,65537.3,5282.3,-147.0,94.2,34.6
72,-8128.7,-10658.6,-21719.9,9708.9,-6436.0,7171.1,135509.2,2453.1,40319.2,2295.4,3682.2,106937.4,19511.9,32018.3,17243.0,30635.5,13758.1,73028.9,94.2,34.6
73,47037.3,-6508.8,58044.3,6036.0,-3118.0,8229.4,90987.2,7253.2,58062.9,5821.4,6110.1,56684.0,40190.8,3208.1,10454.7,1519.3,-5216.1,130795.1,94.2,34.3
74,105958.5,-1499.4,166485.1,-586.8,1576.2,92217.7,27255.2,10828.2,109167.9,8275.8,8254.6,19060.2,89105.0,8915.5,84406.8,8422.8,-50800.4,121589.5,94.2,34.3
75,108083.1,2731.2,188587.8,3262.4,6555.2,143554.5,10991.1,11854.7,91983.2,9430.8,9730.1,12713.0,148428.8,17464.2,135876.1,16200.5,-48612.2,97906.6,94.2,34.1
76,102273.6,2491.5,117655.6,4650.5,7689.0,145287.0,10926.2,12148.8,103663.1,10826.9,12026.9,11260.0,114561.5,21202.0,143108.1,18681.4,-45805.5,116460.9,94.2,34.1
77,89912.9,801.4,91796.5,5151.2,5168.4,140657.7,9532.8,11624.2,96539.7,10281.1,12503.7,6682.3,88367.2,18057.6,140786.2,15404.5,-49441.4,167703.6,94.2,34.1
78,111815.7,-1766.9,107541.4,1717.9,1463.6,124055.8,27416.8,9503.6,31748.1,8306.2,10734.1,33297.8,95995.3,15540.9,110118.9,13074.6,-50842.8,145296.3,94.2,34.1
79,135473.4,-3283.6,126249.3,2102.1,-770.9,59453.6,55058.8,4035.9,17164.8,3066.3,5612.1,56305.2,99709.3,12685.2,40736.5,9940.7,-52788.5,104145.2,94.2,34.1
80,65530.7,-7740.7,73348.2,-5213.4,-5932.6,15940.9,46159.2,-3653.1,43345.8,16854.9,24269.7,47963.2,131373.9,9062.6,7454.6,4662.4,-57209.9,114802.5,94.2,33.8
81,25210.1,-13796.5,53056.1,17478.7,-246.4,41576.2,38998.7,-10138.1,21029.8,58685.4,67373.1,49515.6,125104.9,2947.1,1091.4,14906.5,-20621.9,50252.0,94.2,33.8
82,44674.3,8254.6,49042.7,30023.5,27529.4,44365.7,42241.2,13721.0,-21323.9,61937.2,76217.1,54268.0,63256.4,16829.7,1535.2,56726.4,15676.0,16849.6,94.2,33.8
83,13049.4,46804.2,26853.9,41767.0,55295.9,-10034.8,59488.1,54766.1,11181.8,63227.3,73303.1,22314.7,18133.1,55567.4,7597.6,73603.8,11861.3,-32448.8,94.5,33.8
84,-33852.8,54106.5,-54387.3,57782.1,58223.1,18105.2,37753.6,39113.9,26754.5,70092.4,74203.8,-34.4,25924.0,69575.8,1688.8,72965.4,9381.8,-78108.6,94.5,33.8
85,-14307.8,50710.3,-10483.8,52672.0,55355.5,58660.2,53441.5,23722.7,22146.4,70799.7,74842.2,7507.5,48996.3,68126.8,6436.0,71018.3,7120.8,-88771.2,94.5,33.8
86,-13416.3,53359.4,59542.4,38809.2,59549.0,25871.1,103966.4,-1368.3,88026.8,42013.3,56978.1,5704.8,-11401.7,72550.8,37264.8,70558.7,6816.1,-88104.9,94.5,33.8
87,-6830.7,52752.8,46504.9,37165.5,56823.1,-5326.0,53408.4,28585.1,116520.5,51020.3,64771.7,36441.0,-83320.7,69815.6,8123.5,68183.7,5194.9,-79536.4,94.5,34.1
88,-44841.2,53664.1,-7404.2,54258.8,57575.4,36385.3,24253.8,58843.0,41931.2,69668.6,71515.0,55184.6,-91764.7,66271.1,-66060.5,64116.1,782.8,715.3,94.5,34.1
89,-76676.7,56201.9,-66002.2,26725.4,59298.7,41976.2,34219.7,51356.7,38614.5,66559.8,69101.7,25636.6,-5445.2,62133.2,-73911.1,62157.1,-566.9,28299.0,94.5,34.1
90,-84646.5,55842.9,6592.3,12168.6,52486.5,-46983.0,-14469.4,8940.7,42867.7,35912.5,74066.1,24104.1,33990.5,61519.9,-65203.5,64851.2,2299.4,100554.4,94.5,34.1
91,-11267.9,42528.6,56261.5,14567.4,53430.9,8453.3,51408.3,5112.8,30675.2,37156.2,68869.9,55533.0,139.1,41857.0,-933.8,46576.4,10212.3,138194.0,94.5,34.1
92,39116.5,19044.3,59645.7,52261.4,32336.2,40745.7,44130.0,-7238.7,19643.0,5410.8,26479.0,41567.0,2409.4,10528.8,44783.0,31238.1,14644.2,111002.4,94.7,34.1
93,17309.2,25.2,57513.2,47293.0,6085.0,20690.8,16546.3,-5135.3,62236.5,-4353.8,6779.0,8799.0,-2173.6,329.8,54302.5,52641.5,15021.7,45279.7,94.5,34.1
94,13150.1,-9820.2,51215.0,14657.4,-2426.6,67634.1,57628.4,-3414.7,100656.4,-2454.4,4059.7,11556.7,16135.6,4979.0,60910.7,36952.2,15964.8,7871.8,94.5,34.1
95,46391.0,-5813.4,58066.8,6279.7,1323.2,130317.0,123790.9,2302.1,145941.3,2835.9,3592.2,22665.7,57066.8,35754.8,63002.1,46915.5,15468.1,33234.2,94.5,34.1
96,60289.4,-5850.5,48777.8,-2805.4,-374.8,140665.6,144571.7,4127.3,125829.4,4936.6,5567.1,27936.0,69773.2,67195.6,40549.7,57537.0,16115.8,65668.4,94.5,34.1
97,41984.2,-7009.5,13593.8,-4298.2,-2613.3,134570.1,139782.2,2390.8,125825.4,3582.9,5612.1,24233.9,37447.6,52004.4,2872.9,32215.7,17662.8,66198.2,94.5,34.1
98,19509.3,-6124.7,2657.0,-3466.3,-2251.7,76891.3,120757.7,2249.1,121090.2,3871.7,6167.1,18633.7,-2777.6,2731.2,-8330.1,-1993.4,15837.6,55970.1,94.5,34.1
99,13458.7,-4379.0,2974.9,344.4,-475.5,23063.0,63509.4,2725.9,55318.4,3659.7,5898.2,13777.9,266.2,-328.5,-7809.5,-888.8,-9187.1,55848.2,94.5,34.1
100,7931.4,-5638.6,343.1,-6602.9,-2053.0,15001.8,26783.7,2278.2,22300.1,3062.4,4837.2,11861.3,988.1,1159.0,-7440.0,-209.3,-24864.4,55299.9,94.5,34.1
101,4286.2,-7110.2,1133.8,-7898.3,-3447.8,6243.9,16256.2,842.4,10420.2,764.3,3213.4,8263.9,4898.2,1249.0,-6323.4,-14.6,1528.5,10833.5,94.5,34.1
102,4794.9,-5883.6,5426.7,-4212.1,-1148.4,2801.4,8001.6,-604.0,1972.3,-2108.7,1304.7,5221.4,8469.2,1288.8,-5161.8,140.4,-14203.1,-6577.7,94.7,33.8
103,3223.9,-5046.5,9751.3,-3337.9,-814.6,-2014.6,4551.1,-205.3,1512.6,-1115.3,797.4,1915.3,11620.3,2361.7,-3985.6,2638.5,-50197.7,-3280.9,94.7,33.8
104,-319.2,-3118.0,9200.3,-1328.5,-631.8,-6600.2,3837.2,3094.1,504.7,3294.2,3601.4,1155.0,10838.8,3225.3,-5842.6,3223.9,-60216.6,-4784.3,94.7,33.8
105,-2453.1,279.5,3290.2,4753.8,1976.2,-2218.6,1388.1,3201.4,8642.7,4307.4,4793.5,-1152.4,8050.6,2829.2,-10070.5,433.1,-60863.0,-8824.1,94.7,34.1
106,-5740.6,-2600.1,1084.8,4438.6,398.7,6681.0,-3914.0,-1178.8,47946.0,-95.4,2218.6,-3394.8,7822.8,4772.3,-10960.6,161.6,-60108.0,-8828.1,95.0,34.1
107,-7679.7,-5055.8,44303.5,3282.2,-410.6,11421.6,-5241.2,-1615.9,47251.9,-1378.9,1949.7,-2639.8,6414.8,5376.3,-12250.7,-42.4,-38870.2,-3548.5,94.7,34.1
108,-8081.1,-3773.6,49853.3,4091.5,324.5,11212.3,-5761.8,-1968.3,14306.4,-1768.3,374.8,674.2,4201.5,3959.1,-8636.1,-1466.3,-29766.6,-4049.1,94.7,33.8
109,-6830.7,-1062.3,1482.2,4649.2,1536.5,576.2,-3763.0,35.8,-6677.0,483.5,694.1,-1002.7,2347.1,2702.1,691.4,-1226.5,-35219.7,-10358.0,95.0,33.8
