工件号： 1221
检测时间： 2018/12/21 20:33:05
测量长度： 80 
0,-82225.3,19123.8,61036.5,29222.2,10192.4,16023.1,57913.2,63171.7,21455.0,9923.5,62739.9,124732.7,41800.1,95.4,76356.2,20804.7,23379.6,-26247.2,96.4,30.4
1,-128702.3,14627.0,91519.6,37936.4,11140.8,47360.5,62848.5,50683.8,-16064.1,9001.6,78720.5,148456.6,53110.4,5492.9,73329.6,23194.2,20539.8,-50540.8,96.4,30.4
2,-68620.8,2433.2,48078.4,31869.9,6318.1,64381.0,18693.3,-4641.2,-30036.8,264.9,25611.5,112760.1,50597.7,-79.5,22763.7,4548.5,-9673.2,-50420.2,96.4,30.4
3,-3221.3,-4363.1,4698.2,20853.7,2369.6,68457.9,-23112.0,-13266.7,-46830.7,-7422.8,3581.6,79300.7,54705.1,-9417.5,-31092.4,-5590.9,16547.6,-38464.9,96.2,30.4
4,-2850.4,-10111.6,19555.6,-4373.7,-1586.8,63257.8,-72717.7,-18292.0,-114174.7,-11407.0,-5092.9,-2808.0,61562.3,-19427.1,-8614.9,-13743.5,49697.0,-4054.4,96.2,30.2
5,-36692.6,-15009.8,16240.3,-2094.1,-6104.8,43106.1,-107451.3,-18974.1,-132592.5,-13078.6,-8853.3,-7873.1,68215.5,-12915.7,28540.0,-16593.9,52273.3,1034.5,96.2,30.2
6,-57689.4,-13577.9,-25153.2,3435.9,-3797.5,91.4,-108128.1,-15926.4,-131450.8,-9841.4,-8404.3,32338.8,39716.6,-8503.6,20284.1,-16550.2,53346.2,8115.5,96.2,30.2
7,-56219.1,-8814.9,-96819.1,13334.2,2626.6,2234.5,-98395.4,-8287.7,-79264.9,-2356.4,-1292.8,46666.5,43837.2,-19584.8,-16996.6,-11948.7,52868.0,16527.7,96.4,30.2
8,-56848.3,-6254.5,-118298.0,16472.1,5735.3,15952.9,-91358.0,-2523.3,-109517.6,3953.8,5794.9,45130.0,59411.3,-17253.6,-74668.7,-9699.7,39491.4,-1288.8,96.4,30.2
9,-58470.8,-6977.7,-99465.6,10857.3,3863.7,18693.3,-103961.1,-4859.8,-75998.6,1850.4,4862.4,38083.4,21474.9,-21702.7,-103060.4,-11552.7,47571.1,-34421.0,96.4,30.2
10,-57066.8,-9698.3,-38284.7,5186.9,325.8,17591.3,-110587.8,-8153.9,-130506.4,-2188.2,1373.6,34679.3,-639.8,-13340.8,-71532.2,-13774.0,56529.0,-40087.4,96.4,30.2
11,-56693.3,-13250.8,10785.8,4784.3,-2784.2,8520.8,-76271.4,-11464.0,-110220.9,-5940.6,-3369.6,33942.9,10045.4,25900.2,-11989.8,-1978.9,52819.0,-35451.5,96.2,30.2
12,-56575.4,-15118.4,17941.0,6544.6,-4564.4,-229.1,-52523.6,-14547.5,-71893.8,-8577.8,-6636.0,32821.0,15510.5,54142.2,4681.0,15501.2,49401.7,-23248.5,96.4,30.2
13,-58301.3,-12633.5,22444.5,9094.3,-2178.9,-457.0,-53630.9,-13163.4,-104721.4,-7225.4,-4720.7,31250.1,32905.7,24700.2,6630.7,2467.6,48083.7,33660.7,96.4,30.2
14,-54903.8,-9948.7,10191.1,8686.4,1609.3,4087.6,-52552.8,-9176.5,-140563.7,-4569.7,-298.0,30651.4,86447.9,-9954.0,13502.4,-11053.4,8099.6,59296.0,96.2,30.0
15,-50648.1,-9716.9,10222.9,8682.4,778.8,-398.7,-59824.5,-10877.2,-104732.0,-5642.6,-1719.3,28950.6,123442.6,-19244.4,22359.7,-11338.1,13040.2,40414.6,96.2,30.2
16,-46998.9,-12290.5,-7738.0,6564.5,-3608.1,-10050.7,-70513.6,-16273.4,-77855.6,-9511.6,-7934.0,23959.7,122733.9,-22745.1,20347.7,-14784.6,57347.6,39137.7,96.2,30.2
17,-40398.7,-13617.7,6269.1,2988.2,-5379.0,-2916.7,-73838.2,-17481.4,-83153.8,-9912.9,-9262.6,25218.1,130909.0,-20555.7,-12883.9,-13151.4,43651.8,44563.1,96.2,30.2
18,-36941.6,-10765.9,30598.4,7233.4,-2586.8,38439.7,-72397.1,-15816.4,-85500.9,-8139.3,-6820.1,31390.5,126271.8,-18881.4,-33905.8,-12127.6,19729.1,51318.3,96.2,30.2
19,-13164.7,-11347.4,69008.9,960.3,-3242.5,62778.3,-64822.0,-13189.8,-89130.1,-6661.2,-3381.6,9385.7,102251.1,-16650.9,-13562.0,-10232.1,-3892.8,60477.5,96.2,30.2
20,-13894.5,-11346.1,67181.1,-2618.6,-4005.4,61052.4,-63289.5,-13923.6,-99009.9,-7040.0,-3918.0,-20326.5,109662.0,-14881.3,8526.1,-9332.8,-14721.0,70697.7,96.2,30.2
21,-37237.0,-10791.1,6503.5,2985.5,-2879.6,52879.9,-66753.2,-17293.3,-154372.1,-10391.1,-7523.4,-21252.4,134676.0,-13683.9,51926.2,-9188.4,-14379.3,15020.4,96.2,30.2
22,-39704.6,-12694.5,-11603.0,870.2,-3634.6,43348.5,-66257.9,-16768.8,-209004.4,-11448.1,-6801.6,-16046.9,133154.1,-12944.8,92258.7,-8209.5,-18392.7,-8734.1,95.9,30.0
23,-42098.1,-13098.5,-9734.1,-1082.2,-4624.0,36438.3,-66555.9,-17025.7,-216097.3,-12619.0,-6706.2,-12599.1,125385.7,-14237.6,92113.0,-10150.0,-19519.9,5218.7,95.9,30.0
24,-42185.5,-13656.1,-15056.1,-1931.2,-5184.3,40294.1,-68709.6,-19892.1,-214383.4,-15041.6,-9559.3,-19984.8,113887.3,-17171.4,50666.6,-12681.2,-20248.4,4744.5,95.9,30.0
25,-11675.9,-16367.4,-18224.5,2357.7,-8534.1,56274.7,-70620.9,-21836.5,-182143.9,-17213.8,-12850.8,-13913.0,115442.3,-19796.7,-1406.7,-14237.6,-19886.8,-11184.5,95.9,30.0
26,15277.3,-18533.1,-15872.1,5955.2,-10355.3,33946.8,-73036.9,-23751.8,-130473.3,-18943.7,-14766.1,8327.4,86251.9,-18419.2,-18594.0,-14311.7,-19825.8,-37558.9,95.9,30.0
27,51340.8,-16962.2,39527.2,-1104.7,-8119.5,6781.7,-65003.5,-23668.3,-92721.0,-19704.0,-9988.4,7751.3,36764.1,-13086.5,-16333.0,-12007.0,-16514.5,-14552.8,95.9,30.0
28,90568.6,-15178.0,104166.4,1009.3,-5825.4,20529.2,-49649.3,-20912.0,-77507.2,-17270.8,-7053.2,-13118.3,23055.1,-11171.2,-11661.3,-11444.1,-15554.2,-1446.4,95.9,30.0
29,84534.0,-14256.1,105220.7,1067.6,-4982.9,33317.7,-60473.6,-21832.5,-106435.4,-16526.4,-12324.9,-15750.2,11752.7,-16400.6,-16179.4,-16109.1,11253.4,3198.8,95.9,30.0
30,88216.2,-12962.0,73732.3,-384.1,-4190.9,91889.2,-93200.5,-19509.3,-134250.9,-14070.7,-9765.9,-8808.2,10160.6,-15122.4,-14532.9,-14307.8,12612.3,-11679.9,95.9,30.2
31,89036.1,-9095.7,65894.9,1098.1,42.4,119050.4,-86957.9,-15861.5,-119861.0,-11181.8,-5960.5,1194.7,46066.4,-9025.5,-10381.8,-7887.7,-12723.6,36184.0,95.9,30.2
32,20309.3,-10087.8,62986.2,-3926.0,-1014.6,56443.0,-73724.3,-13430.9,-122782.9,-10263.9,-5111.4,3847.8,110185.2,-7026.7,-9754.0,-5695.6,-9746.0,91230.9,95.9,30.2
33,-15740.9,-13857.4,43993.5,-7089.0,-5168.4,36291.3,-103433.9,-16956.9,-103779.6,-13438.9,-8845.3,-7548.6,94476.0,-9804.3,-17833.7,-8943.3,-5108.8,46524.7,95.9,30.4
34,2527.2,-20039.1,747.0,-5226.7,-11642.8,47250.6,-88050.6,-23787.6,-81707.4,-17856.2,-8379.1,233.1,21407.3,-18873.5,-21304.0,-1264.9,19121.2,-12535.5,95.9,30.4
35,-14740.9,-23795.5,-44993.6,26410.2,-16056.2,38320.5,-59037.7,-26273.7,-99353.0,-20844.4,-5847.9,23404.8,9622.8,-22794.1,2184.2,6363.1,39099.3,1421.2,96.2,30.4
36,-24441.9,-22008.7,-24950.5,58432.4,-15278.7,21484.2,-58542.4,-24373.0,-128077.1,-19963.6,-10079.8,-453.0,38369.5,-23089.5,-10388.4,-5004.1,45091.6,64355.8,96.2,30.4
37,20613.9,-17094.6,-10691.7,23875.0,-9569.9,42577.6,-62724.0,-24749.2,-138171.5,-19158.3,-11.9,-62387.5,55068.1,1604.0,-73292.5,24852.5,57903.9,99698.7,96.2,30.4
38,68436.7,-13347.5,36189.3,8706.3,-6251.9,99273.5,-74491.2,-23244.5,-78502.0,-17029.7,-4527.3,-55852.2,40585.5,17183.4,-111313.7,36003.9,42072.9,83132.6,95.9,30.7
39,55656.2,-9648.0,81580.2,8365.8,-1279.5,112862.1,-87612.2,-18839.0,-30101.7,-13021.6,-11073.2,1658.3,31879.2,-8425.4,-112364.0,16170.1,43140.5,78078.1,96.2,30.7
40,30231.5,-3755.1,71639.5,1802.7,4733.9,108314.9,-82075.6,-20502.7,-31856.7,-13005.7,-12510.4,24888.3,-8536.7,20649.7,-99751.7,39180.1,55016.4,100864.3,96.2,30.7
41,61105.4,-4347.2,79657.0,11189.8,4957.8,101701.4,-89022.9,-23376.9,-30020.9,-15329.0,-9736.8,22765.0,-58905.3,42922.0,-68367.9,56330.4,50809.7,63823.3,95.9,30.7
42,32512.3,-10067.9,89467.9,17497.3,-748.4,99212.6,-109158.6,-23453.8,-39262.2,-16742.3,9911.6,20016.6,-45788.3,50491.8,-72398.5,53989.9,48082.4,2837.2,95.9,30.7
43,-13744.8,-13626.9,39038.4,19232.4,-5634.6,54211.1,-79472.9,-25607.5,-108361.3,-18432.4,29337.4,21590.1,-46436.0,45045.2,-110158.7,49477.2,41054.4,-36380.0,95.9,30.7
44,-32636.9,-16570.1,-19085.4,-4406.8,-7503.6,42792.2,-66181.0,-28226.1,-122923.3,-20172.9,49663.9,15995.2,-102241.8,38638.4,-119899.4,42340.5,31590.5,-70696.4,95.9,30.7
45,-105712.2,-19343.7,-80816.0,-8512.9,-10804.3,57661.5,-26279.0,-26218.1,-54299.8,-18371.5,19648.3,7669.1,-132130.3,38790.7,-95792.6,40496.7,29677.8,-80017.3,95.9,30.7
46,-90142.1,-18158.2,-63500.1,-2529.9,-10085.1,38013.2,28120.1,-20322.5,1593.4,-11626.9,-13147.5,58151.6,-135310.5,39103.3,-26872.4,41989.5,29741.4,-89644.1,95.7,30.7
47,-42794.8,-14388.6,27573.1,-5047.9,-7172.4,73015.7,59921.2,-10897.1,33619.7,-2396.1,-4781.6,144192.9,-89730.2,40290.1,31893.8,44171.0,31564.0,-90148.7,95.7,30.7
48,-41151.0,-9199.0,15531.6,-3051.8,-3220.0,108218.2,78819.9,-5470.4,43945.8,1910.0,75.5,205567.2,-59890.8,39684.8,64828.7,46455.9,31864.6,-85965.8,95.7,30.7
49,-56285.3,-14705.1,-115252.9,562.9,1944.4,57390.0,57837.7,-10238.8,-22971.6,-3471.6,-4380.3,178946.4,-73056.8,35754.8,65757.2,43630.6,21820.6,-148750.7,95.7,30.7
50,-177731.8,7238.7,-285560.6,31246.1,29589.1,-57089.3,-77543.0,-7096.9,-165779.1,274.2,11207.0,52540.8,-77409.2,20040.4,8768.5,33435.6,-30579.8,-205960.6,95.7,30.7
51,-255926.5,37185.4,-407065.3,51850.7,45776.4,-200120.6,-208776.5,19719.9,-329739.5,31138.8,42298.1,-108582.5,-112938.9,14811.1,-113160.1,27049.9,-74903.2,-260296.1,95.7,30.7
52,-156284.7,19694.7,-267597.1,25955.8,30795.7,-60706.7,-69395.7,11674.6,-119230.5,24542.5,34454.1,20163.6,-43768.4,32993.2,-7184.3,37405.2,-378.8,-228620.9,95.7,30.7
53,99625.9,26778.4,-27000.9,42351.1,25440.6,155197.3,85077.0,17616.5,101590.2,18709.2,7013.5,154537.6,154075.4,18392.7,139210.0,24713.4,45792.3,-151790.5,95.7,30.7
54,271480.6,111181.2,220211.4,118618.5,102048.5,276453.0,90760.7,77332.4,114736.3,79802.7,41923.3,160212.0,272656.8,-10750.0,160684.9,-9083.7,12477.2,13850.8,95.7,30.7
55,301843.2,131114.3,395357.6,142705.4,138065.6,262856.5,43514.0,100432.5,37931.1,108084.4,31866.0,115276.7,280600.1,12489.2,100570.3,8082.4,-2164.3,301384.9,95.7,30.7
56,240337.9,133132.9,422316.2,139910.7,137286.7,175693.3,-68361.2,56172.7,-50509.0,56548.9,12151.4,16356.8,217537.1,66389.0,32847.5,28982.4,9412.2,404046.7,95.9,30.7
57,123939.3,122402.8,318869.0,131245.5,125300.9,79802.7,-173674.7,-7532.7,-171714.4,96.7,-582.8,-51075.9,147873.8,95587.3,-539.1,29477.8,11874.6,329781.9,95.9,30.7
58,15474.7,103864.4,207057.3,99900.0,61184.8,-14780.6,-232762.8,-11360.6,-248816.3,-1209.3,16048.2,-68246.0,111740.2,45230.7,8663.9,10086.4,4463.7,228961.3,95.9,30.7
59,-67953.3,39637.1,128385.8,37618.5,8808.2,-88899.7,-246520.9,20514.6,-319086.2,27406.2,46206.8,-68773.2,57808.6,1091.4,887.4,-3858.4,-4343.2,140653.7,95.9,30.7
60,-100676.2,-5763.1,39578.8,8025.4,-5621.4,-155087.3,-241633.3,34206.4,-290656.1,40829.2,44188.2,-64464.4,27080.4,-8873.1,4802.8,-3967.0,-8037.4,37626.4,95.9,30.7
61,-98494.7,-16860.2,-17333.0,-6077.0,20390.1,-177800.7,-229766.6,25918.8,-356507.3,32953.4,36743.0,-51424.2,52497.1,-20459.0,14228.3,34385.3,26293.6,1127.2,95.9,30.7
62,-98550.3,-18992.7,10377.8,8560.6,61459.0,-170899.8,-234197.3,20933.2,-293604.6,28118.8,32130.9,-60300.0,51506.4,14375.3,20636.5,52946.1,56217.8,-14380.6,95.9,30.9
63,-92564.7,7899.6,29228.8,47375.1,57121.1,-160408.0,-270901.8,19166.2,-262187.6,27034.0,30901.7,-57848.3,62345.1,51650.7,15204.5,47429.4,51067.9,-20836.5,95.9,31.2
64,-90608.3,45977.7,-14529.0,36830.4,53599.1,-99986.1,-276818.6,17133.0,-278557.7,25322.7,28745.3,-42107.4,70142.8,46979.1,-28235.4,43968.4,46504.9,-4296.8,95.9,31.2
65,-113929.6,45486.3,-6874.4,33398.5,48058.6,-36339.0,-218549.1,16734.3,-302528.0,24423.3,27789.0,-80561.6,68191.7,40793.4,-91939.5,39378.8,41039.8,-858.3,95.9,31.2
66,-126410.9,44172.3,26885.7,52128.9,46973.8,-42908.7,-157590.7,18813.9,-259093.5,26534.7,29391.7,-106534.7,59302.7,37513.8,-107777.1,37166.8,37268.8,-1100.7,95.7,31.4
67,-118382.8,45633.3,13947.5,59171.5,50474.5,-80396.1,-159961.7,20957.0,-195949.6,28740.0,31462.0,-73342.9,46805.5,35840.9,-105016.8,35488.6,32916.3,-61433.8,95.7,31.4
68,-78068.8,44939.3,-34773.4,58840.4,50946.1,-63680.3,-167452.0,26228.7,-187581.1,33048.8,36161.5,-6557.8,42843.8,33419.7,-53531.6,33438.2,29905.6,-118573.5,95.7,31.4
69,-25766.4,46185.7,-74652.8,54151.5,51245.4,8451.9,-101982.2,34895.2,-139300.0,42005.4,45171.1,6557.8,43487.6,32489.8,6678.4,33613.0,29411.6,-109888.5,95.4,31.4
70,3639.9,50209.6,-42548.4,54950.2,55454.8,27830.1,-87352.6,40168.2,-122695.5,45938.0,49964.6,-18869.5,44866.4,35960.1,27067.1,38290.0,31899.1,-75536.3,95.7,31.4
71,-13371.3,52195.1,-6071.7,59302.7,59362.3,3978.9,-92274.6,42937.9,-124396.2,49030.8,53710.4,-6234.6,42174.9,37776.1,29250.0,40494.1,32528.2,-69011.6,95.7,31.4
72,-55008.5,37870.1,-36762.8,63043.2,62117.3,12283.9,-17114.5,13012.4,-47622.8,39900.7,49282.4,38801.3,39700.7,39880.8,30464.6,43518.0,33611.7,-92224.3,95.7,31.4
73,-41621.3,-1412.0,-85434.7,51653.4,39953.7,14917.1,21778.2,-22902.8,-12226.9,-209.3,8724.8,95509.2,37789.3,46312.8,-1347.1,50354.0,40631.8,-105362.5,95.7,31.7
74,-12433.5,-25245.9,-34508.4,50854.7,-451.7,6022.7,19611.3,-22786.2,-53634.9,-17921.1,-3740.5,101767.7,36789.3,29639.4,-34407.8,38340.4,49395.0,-33826.3,95.7,31.4
75,-11769.9,-23294.8,-22892.2,23649.8,-13903.8,-2627.9,83919.4,-15767.4,-93411.1,-11383.2,-2639.8,77586.7,49518.2,-6110.1,-31659.3,-2515.3,56948.9,10662.6,95.7,31.7
76,-683.5,-21224.6,7809.5,25257.8,-11379.2,1104.7,-49755.3,-12503.7,-107675.1,-7959.2,-4277.0,22090.8,34459.4,-17460.2,-25383.6,-14862.8,39900.7,-141.7,95.7,31.7
77,59027.1,-14420.4,66178.4,25191.6,-4684.9,41996.1,-87446.6,-10449.4,-118572.2,-5645.2,-1887.5,-3001.4,46221.4,-12269.3,-9856.0,-9942.1,-4168.4,-753.7,95.4,31.7
78,66908.2,-8451.9,93591.2,-1231.8,1051.7,105555.9,-101774.3,-7295.6,-62059.0,-2947.1,895.4,-12605.7,100656.4,-4674.3,52878.6,-3506.1,-13262.7,59660.3,95.4,31.7
79,45734.0,-6483.7,66525.4,1294.1,3421.3,140659.0,-103759.8,-6609.5,-29088.4,-2670.3,1559.0,-17705.2,93098.5,2895.5,96432.4,3322.0,-6220.1,73179.9,95.2,31.7
80,75105.8,-7828.1,1415.9,1725.9,1163.0,136472.1,-103867.1,-5639.9,-25212.8,-1034.5,2349.7,-19901.3,93428.3,2409.4,99354.3,4621.3,-5066.4,88138.1,95.2,31.7
81,79915.3,-8016.2,-13317.0,1005.3,479.5,131168.6,-106533.4,-4581.6,-58000.6,-1017.3,3005.4,-17382.0,104415.4,2957.7,76901.9,4453.1,-3666.3,67850.0,95.2,31.7
82,82149.8,-5393.6,-25154.5,7089.0,2169.6,96925.1,-80316.6,-7471.8,-126387.0,-3861.1,1487.5,12155.4,98698.7,-60.9,11029.5,98.0,-6547.2,37923.1,95.2,31.7
83,40805.3,-6417.4,-24996.9,3092.8,-913.9,29275.2,-57329.1,-13041.5,-118843.7,-10062.6,-4878.3,27488.3,100326.5,-5324.7,-36055.5,-6892.9,-11372.6,52923.6,95.2,31.7
84,-32427.6,-11739.5,14844.2,-731.2,-6155.2,30363.9,-97392.7,-19432.4,-98133.1,-15136.9,-10663.9,23590.2,131401.8,-13902.5,-40678.2,-13747.5,-8563.2,83541.9,95.2,31.4
85,-28575.8,-24612.7,18171.5,7416.1,34887.3,28256.6,-106746.6,-29476.5,-163018.7,23223.3,44386.9,32552.1,130254.7,8912.9,-32810.4,31030.2,41423.9,10095.7,95.2,31.4
86,-93730.3,14510.4,-123062.4,31687.2,59827.2,8478.4,-84066.4,3578.9,-122312.7,45720.7,63418.0,15423.0,63778.3,47135.4,-30642.1,57591.3,52253.4,-14872.0,95.4,31.4
87,-121027.9,42518.0,-135991.3,54464.1,51674.6,39618.5,-111349.4,45070.4,-100451.1,48993.7,57701.3,-24512.1,31160.0,51766.0,-8724.8,50587.1,44062.4,-67272.5,95.4,31.4
88,-107769.2,41206.7,-14029.6,56378.1,51514.3,49387.1,-98023.2,46200.2,-132519.7,48661.2,56049.6,9330.1,-54109.1,45834.7,8287.7,46303.5,39593.4,-90788.5,95.4,31.2
89,-111513.7,40676.9,-55033.6,55835.0,50928.9,46326.1,-92491.8,45328.7,-101068.3,48764.5,55091.9,39855.6,-82947.2,45565.8,-32311.0,46308.8,38540.4,-71030.2,95.4,31.2
90,-120119.3,40846.4,-96966.2,56009.8,51759.4,40492.7,-58302.6,43147.1,-79757.6,47833.4,53619.0,26759.8,-77712.5,47534.0,-93244.2,48489.0,40029.2,-90279.8,95.4,31.2
91,-122702.1,40613.3,-100938.5,54515.7,51367.3,-1759.0,-69565.2,44940.6,-101133.2,49636.1,54860.1,21380.8,-9408.3,51036.1,-90683.8,51311.7,42858.4,-65986.3,95.4,31.2
92,-124233.3,39765.6,-100735.8,51632.2,51212.3,-61217.9,-135301.2,45490.3,-160125.9,49245.4,55152.8,18439.0,43972.3,53694.5,-84153.8,53517.0,44161.7,-12090.5,95.7,31.2
93,-101208.7,41274.2,-75283.3,49471.9,52944.8,-30236.8,-129461.3,45719.4,-135093.3,50698.4,55873.4,23223.3,51673.3,55535.6,-36105.8,56246.9,45593.6,34923.0,95.7,31.2
94,-17039.0,51171.3,8392.3,57239.0,59682.8,47610.9,-85120.7,-5249.2,-120801.4,11844.1,56828.4,29785.1,61278.9,46328.7,13334.2,44777.7,50681.2,91348.8,95.7,31.4
95,1027.8,22255.1,22346.4,61055.0,52444.1,34095.2,-106363.8,-23875.0,-110819.6,-16368.8,16270.7,659.6,38939.1,11130.2,14609.8,667.6,55725.0,91330.2,95.9,31.4
96,-41837.2,-24826.0,2416.0,36546.9,6012.1,-919.2,-51064.0,-17635.0,-45732.7,-8879.8,-9001.6,-8229.4,19595.4,-24558.4,-28055.2,-19458.9,56870.8,58321.2,95.9,31.4
97,-56024.4,-22645.8,4445.2,21950.4,-13330.2,14269.4,28305.6,-15297.2,874.2,-8666.5,-7057.2,58127.8,65374.4,-23859.1,-36459.5,-4500.8,55143.6,-13832.3,95.9,31.4
98,-51870.6,-20016.6,7695.6,18727.8,-10139.4,33742.9,33725.6,-16264.1,3181.6,-9898.3,-7462.5,102766.4,39887.4,-23668.3,-31997.1,1239.8,54642.9,-37878.1,95.9,31.4
99,-45360.5,-19129.1,7530.1,1451.7,-6568.4,46393.6,24729.3,-17562.2,543.1,-10750.0,-8033.4,52101.1,-8206.9,-20811.3,-30458.0,-16375.4,58737.1,-44416.1,95.9,31.7
100,-41992.1,-20288.1,-19806.0,-3159.0,-7760.5,18831.1,13927.6,-17147.6,-22701.4,-9845.4,-7506.2,-431.8,-1978.9,-17330.4,-30407.6,-13560.7,34807.8,-45278.3,95.7,31.7
101,-44832.0,-22028.6,-22158.4,-10091.7,-10787.1,8830.8,-54576.7,-19821.9,-94884.0,-13023.0,-9159.2,-8434.7,1082.2,-16360.8,-33311.1,-12719.6,14062.7,-47406.9,95.7,31.7
102,-46542.0,-20057.6,-20270.9,-10821.6,-9870.5,5286.3,-97824.5,-22453.7,-131538.2,-17212.5,-11359.3,-14046.8,580.2,-18665.5,-37735.0,-15735.6,49728.8,-50726.2,95.7,31.7
103,-45043.9,-18176.8,-17326.4,-9972.5,-7923.4,4535.3,-105023.4,-23682.9,-139893.4,-19590.1,-12828.2,-18054.9,590.7,-19770.2,-40790.8,-16677.4,60056.3,-51146.1,95.4,31.4
104,-45156.5,-17865.5,-16004.5,-10118.2,-8230.7,2259.7,-112553.4,-25614.1,-146807.6,-21526.5,-14918.4,-23696.2,1687.5,-19723.8,-42168.3,-16608.5,49034.8,-49784.5,95.4,31.4
105,-49710.3,-17625.8,-20673.5,-9577.8,-9308.9,-2564.3,-117754.9,-25309.5,-146028.7,-21047.1,-14661.4,-27604.9,1768.3,-20302.7,-39592.1,-12093.1,48359.2,-48890.4,95.2,31.4
106,-54967.4,-18356.9,-27940.0,-8861.2,-10265.2,-5964.4,-120392.1,-25514.8,-136886.7,-21011.3,-14494.5,-29961.3,-421.2,-22676.3,-25641.9,-14319.7,57759.6,-49365.9,95.0,31.4
107,-55025.7,-17388.7,-31954.7,-6629.4,-8046.6,-6437.3,-120578.9,-26223.4,-140629.9,-21674.9,-14740.9,-29304.3,-1214.6,-18050.9,-5747.2,-9575.2,57510.5,-49001.6,95.0,31.2
108,-57175.4,-18428.4,-32115.0,-7583.0,-8580.4,-8695.7,-121205.4,-27643.3,-149643.4,-18097.3,331.1,-28802.3,-3418.7,-14962.1,29638.1,36854.2,56992.6,-50326.2,95.0,31.2
109,-58110.6,-17060.2,-33358.7,-7653.2,-7560.5,-8585.7,-120774.9,-27583.7,-148430.1,-18521.2,-5251.8,-27773.1,-4527.3,-19481.4,34529.6,26438.0,58737.1,-51350.1,95.0,31.2
110,-56991.3,-16897.3,-36549.6,-8867.8,-7923.4,-9237.4,-119282.1,-27347.9,-147559.9,-12254.7,-186.8,-25554.5,-7018.8,-8722.1,33617.0,31485.8,58693.4,-26946.6,95.0,31.2
111,-57481.4,-20415.3,-34659.4,22892.2,-11763.3,-11579.2,-119883.5,-28683.1,-149243.4,1924.6,19690.7,-25873.7,-7961.9,-13311.7,18742.4,10846.7,58995.4,2621.3,95.0,31.2
