工件号： 1221
检测时间： 2018/12/21 20:28:12
测量长度： 80 
0,1981.5,37354.9,89630.8,-43714.0,10462.6,13705.1,87931.4,12265.3,52475.9,13913.0,13633.6,51530.2,89709.0,15599.2,4596.2,11612.3,9244.0,-1227.9,96.6,28.8
1,25549.2,26798.2,98753.0,-44082.3,11289.1,40849.1,85878.4,14029.6,114678.0,16941.0,18281.4,17945.0,46690.3,1876.9,-675.5,10601.7,6736.6,-11856.0,96.6,28.8
2,38719.2,93552.8,96139.6,-27277.7,9752.6,60717.3,62007.4,13927.6,142661.7,17130.4,20167.6,8640.0,-11576.5,-4800.2,-696.7,6549.9,1780.2,14286.6,96.6,28.5
3,38849.0,-3065.0,34921.7,8273.1,4312.7,67891.0,52203.1,8828.1,143052.5,11653.4,17183.4,32599.8,-43677.0,-13216.3,19727.8,-1039.8,-7761.8,46609.5,96.6,28.5
4,63889.6,-13336.9,-2826.6,25538.6,-1831.8,63938.6,73005.1,2715.3,129147.4,5255.8,12151.4,63379.6,-91993.8,-20233.8,-14407.1,-9903.6,-12772.6,43002.8,96.6,28.5
5,67977.1,-17988.7,-54140.9,14656.1,-4175.0,60962.3,101086.8,-1765.6,67994.3,1499.4,5870.4,32407.7,-91881.2,-24701.5,-89090.4,-17092.0,28281.7,36051.5,96.6,28.5
6,68125.5,-18138.4,-86091.6,-18168.8,-3180.2,62096.1,33379.9,-7939.3,6079.7,-3257.1,-1361.6,-42867.7,-115781.4,-25396.9,-66031.4,-20983.5,56031.0,34868.7,96.6,28.5
7,63606.1,-17619.1,-92082.6,-34520.4,-1458.3,65234.0,-28706.9,-8734.1,-1488.8,-2523.3,-2929.9,-76553.6,-152795.9,-24049.8,-37030.4,-22171.6,55452.2,38145.7,96.6,28.5
8,63526.6,-17767.5,-154829.0,-28693.7,-1022.6,66473.8,-37732.4,-8609.6,-8776.5,-2014.6,-4490.2,-54065.4,-184622.1,-24855.1,-47168.5,-2345.8,53049.5,39099.3,96.6,28.5
9,67624.8,-18375.5,-198414.6,-22844.5,-1352.4,67430.1,-35974.7,-8959.2,6243.9,-3030.6,-7065.1,-17444.3,-204082.3,-24935.9,-58333.1,40675.5,47955.3,39549.7,96.4,28.5
10,62893.5,-19942.4,-204924.8,-22274.9,-3229.2,69732.1,2982.9,-11510.3,48591.0,-5936.6,686.1,-20579.5,-188725.5,5192.2,-61987.5,54771.4,47351.3,45625.4,96.4,28.5
11,38551.0,-21792.8,-202601.5,-26204.9,-5336.6,66124.1,26056.5,-12150.1,62493.5,-7367.1,-462.3,-25137.3,-133555.5,46894.3,-63661.7,54638.9,47972.5,50878.5,96.4,28.3
12,8930.1,-22055.0,-196680.8,-28971.8,-6057.2,25718.7,24566.4,-12773.9,62545.1,-8126.1,9457.3,-25839.3,-102506.7,35590.6,-64526.7,54596.5,48147.3,49776.5,96.6,28.3
13,34854.1,-24757.1,-193839.6,-35433.0,-8836.1,20362.3,15535.6,-14991.2,48340.7,-10597.7,24667.1,-21827.2,-100553.0,45779.0,-63350.5,53817.7,48165.9,30325.5,96.6,28.3
14,66909.5,-24169.0,-191880.6,-42708.7,-9036.1,19908.0,-5952.5,-9807.0,4508.8,-7241.3,-86.1,-38241.0,-98931.8,25167.7,-55171.4,51532.9,53171.3,-13401.8,96.6,28.3
15,52670.6,-18409.9,-180019.3,-39341.7,-2133.8,11122.2,56480.0,-892.7,45266.4,-960.3,3523.3,-58150.3,-119590.8,-13250.8,-57318.5,13134.2,15841.6,-12123.6,96.6,28.3
16,42658.4,-14123.7,-151454.1,-33725.6,2835.9,-3164.3,65781.0,495.4,50775.2,394.7,5940.6,-61025.9,-121125.9,-14677.3,-69419.5,-12846.8,-15393.9,4442.5,96.6,28.3
17,45233.3,-16914.5,-162628.0,-29117.5,528.5,662.3,-12030.9,-5183.0,10834.8,-3294.2,590.7,-45610.8,-103072.3,-16428.4,-127356.6,-14472.0,-18129.1,60678.9,96.4,28.3
18,49430.8,-21021.9,-183998.2,-32553.4,-4319.4,3544.5,-39682.1,-5202.8,15024.3,-1984.2,-899.4,-15868.1,-104803.5,-19954.3,-168622.9,-15032.3,-18081.4,123400.2,96.4,28.3
19,55461.5,-19445.7,-132334.2,-33308.4,-4225.3,5421.4,-37487.4,-3413.4,15730.3,639.8,863.6,-22751.8,-100966.3,-23731.9,-170449.4,-16179.4,-18828.4,113938.9,96.4,28.0
20,55787.3,-17363.5,-82578.9,-30949.4,-2344.4,5352.5,-4304.8,-6230.7,9636.1,-2307.4,-1271.6,-28961.2,-95661.5,-27498.9,-170224.3,-19620.5,-12252.1,79059.6,96.2,28.3
21,27612.8,-18911.9,-59829.8,-35040.9,-4230.6,3594.8,22117.3,-8352.6,4458.4,-4527.3,-3892.8,-43055.7,-84560.5,-18764.9,-166555.3,-5895.6,12491.8,76700.6,96.2,28.3
22,-1276.9,-19037.7,-69680.5,-36297.9,-5271.7,752.3,10958.0,-10523.5,-3451.8,-5324.7,-5651.8,-88551.3,-78311.2,-18578.1,-161299.5,-6086.3,43571.0,72862.0,96.2,28.3
23,-91.4,-19553.0,-89052.0,-38121.8,-6099.5,-1189.4,4229.3,-12856.1,-12075.9,-8458.6,-8957.9,-117633.1,-112083.2,-27691.0,-135477.4,-21979.5,38851.6,100486.8,96.2,28.5
24,6981.7,-18400.6,-111052.7,-37709.9,-4681.0,-2308.7,3381.6,-12938.2,18815.2,-9054.6,-9824.2,-75087.3,-137711.9,-24811.4,-84188.3,-21428.5,19011.2,127934.1,96.2,28.5
25,10686.5,-18054.9,-118562.9,-35742.9,-4030.6,-4740.6,980.2,-14625.7,55322.4,-10722.2,15097.2,-35675.4,-123614.7,-24182.3,-50857.3,-11067.9,23942.5,121989.5,96.2,28.5
26,14511.7,-17743.6,-114966.8,-34740.2,-4349.8,-5741.9,2294.1,-14321.0,49289.1,-10902.4,9515.6,-25096.2,-48157.9,-25133.3,-42508.7,-11845.4,39153.6,78272.8,96.2,28.8
27,15677.3,-17262.8,-114625.0,-33936.2,-4213.4,-6988.3,3871.7,-13967.4,46598.9,-9968.5,-641.1,-19531.8,-8675.8,-23920.0,-72925.6,-20590.1,13485.2,19408.6,96.2,28.8
28,18604.6,-14707.8,-112329.6,-33357.4,-2459.7,-5730.0,6846.6,-12106.4,46545.9,-7755.2,-8818.8,-11089.1,-867.6,-24607.4,-100327.9,-20285.4,18615.2,-2631.9,96.2,28.8
29,18228.4,-11609.7,-116148.3,-31456.7,679.5,-5402.8,11818.9,-9452.0,45699.5,-5148.5,-5563.1,-47659.9,3351.1,-24982.3,-88898.3,-20488.1,24791.6,409.3,95.9,29.0
30,17766.2,-11845.4,-109748.1,-36066.1,916.6,-4071.7,18572.8,-6347.2,39900.7,-2941.8,-3029.2,-72406.4,8269.2,-20380.8,-14836.3,-14305.1,-17995.3,35724.4,95.9,29.0
31,16743.6,-9935.4,-108861.9,-33423.6,2790.8,9906.3,19445.7,-2445.1,36119.1,841.1,956.3,-68438.1,3188.2,-18745.0,23343.8,-12792.5,-16901.2,-12224.3,95.9,29.0
32,15954.2,-9416.2,-112817.0,-32480.6,2810.7,35697.9,15848.2,-3102.1,32573.3,566.9,381.5,-72368.0,-7633.4,-19656.3,-8258.6,-15368.7,-18452.3,-77086.0,95.9,29.0
33,13950.1,-11705.0,-111679.2,-33900.5,494.1,46972.4,8547.3,-7617.5,33031.6,-3386.9,-3696.8,-64591.6,-38887.4,-21051.0,-67162.5,-17550.3,-19929.1,-68067.2,95.9,28.8
34,13281.2,-12682.5,-82989.5,-36182.7,-1303.4,15811.1,6213.5,-9308.9,43963.1,-5629.3,-5364.4,-24076.3,-96020.4,-23549.1,-88650.7,-18847.0,-21444.4,-6311.5,95.9,28.8
35,49205.6,-11241.4,-64256.5,-37201.2,-593.4,8343.3,12017.6,-5719.4,33806.4,-3050.4,-2054.4,-14621.7,-76997.3,-18007.2,-92021.6,-13521.0,-15858.8,11301.0,95.9,28.8
36,107997.0,-9658.6,-89681.2,-35719.1,1706.0,66508.2,20815.3,-2710.0,6267.8,-104.6,1735.2,-48629.4,-29695.0,-10371.2,-87844.0,-7405.5,-8801.6,14282.6,95.9,28.5
37,140057.7,-8938.0,-57172.8,-35303.2,2634.5,122850.5,-2016.0,-2402.7,11163.3,801.4,1982.8,-80728.5,-48205.6,-11624.2,-82812.0,-8042.7,-9765.9,24416.7,95.9,28.5
38,148587.8,-7862.5,3114.0,-32647.5,4655.8,137980.8,-36727.1,-2029.2,75667.4,849.0,2159.0,-73966.7,-96394.0,-13921.0,-78215.9,-9944.7,-11544.8,23171.6,95.7,28.5
39,149265.9,-9595.0,23587.5,-34554.8,4217.4,139553.0,-29157.3,-1235.8,120634.5,1529.9,2831.9,-64550.5,-116490.0,-13187.2,-76398.6,-10417.6,-11918.3,9135.4,95.7,28.3
40,122751.1,-9738.1,24632.6,-34985.3,4250.5,96579.4,-25388.9,-1217.3,65321.4,1740.5,3298.1,-60610.0,-103815.4,-11509.0,-76495.3,-8552.6,-9826.8,56045.6,95.7,28.3
41,43702.1,-10919.6,-28759.9,-37895.3,3214.7,32190.5,-29655.3,449.0,-306.0,2165.6,5312.8,-61286.8,-42816.0,-9344.7,-74497.9,-4618.7,-5086.3,116373.4,95.7,28.0
42,28248.6,-14842.9,-80933.8,-32630.2,-1058.3,36156.2,-38356.3,3627.9,-9257.3,4275.6,6801.6,-56240.3,-37610.5,-9743.4,-79189.4,-4367.0,-4851.8,121001.4,95.7,28.0
43,44575.0,-17514.5,-70724.2,-35717.8,-4443.9,29083.1,-46112.8,1916.6,-8344.7,2833.2,4447.8,-27574.4,-108859.3,-14507.8,-67137.4,-9213.6,-10050.7,118005.3,95.7,28.0
44,23116.0,-16665.5,-82123.3,-46062.5,-3304.7,32329.6,-47764.5,-3029.2,19364.9,-895.4,927.2,-17584.7,-113382.6,-18293.3,-102040.5,-14575.3,-15387.3,114982.7,95.7,28.0
45,81623.9,-14057.4,-32326.9,-41956.4,-188.1,95539.6,-37271.4,-4506.1,94730.3,-2327.2,-442.4,-17379.4,-79859.6,-22735.9,-158050.3,-18502.6,-14371.3,118030.4,95.7,28.0
46,134658.8,-12475.9,16693.3,-39210.6,1514.0,139011.3,31640.8,-4839.9,112372.0,-2012.0,-916.6,-39152.3,-81168.3,-25071.0,-164069.1,-21090.8,9097.0,122322.0,95.7,28.0
47,137730.4,-12309.0,16252.2,-38084.7,1449.1,147398.3,93521.0,-5471.7,83189.5,-1494.1,-2484.9,-77162.9,-125802.9,-23113.4,-163853.2,3112.7,42492.8,82729.9,95.7,28.3
48,122299.5,-14393.9,22302.7,-38499.3,-645.1,144439.3,96379.4,-7761.8,82025.3,-3194.8,-5494.2,-81025.2,-196496.7,17881.4,-171339.5,43875.6,49650.7,25471.1,95.9,28.3
49,54303.8,-16110.5,-26820.8,-39919.2,-2071.6,198144.4,70206.3,-9675.8,107712.2,-5347.2,-8356.6,-47968.5,-187469.9,43733.9,-174864.1,48836.1,44263.7,1838.5,95.9,28.5
50,9687.7,-15526.3,-53474.6,-41231.8,-2029.2,43276.9,749.7,-9486.4,73997.2,-5952.5,-8753.9,-5266.4,-199561.7,40725.9,-168568.6,47919.5,43816.0,-45596.2,95.9,28.5
51,32770.6,-15187.3,-37215.8,-40927.2,-2876.9,29777.2,-39717.9,-10634.8,23293.5,-6495.6,-4310.1,-6947.3,-220004.7,39858.3,-118202.6,48078.4,42372.3,-91204.4,96.2,28.5
52,43250.5,-17489.3,-90760.7,-40429.2,-5849.2,52905.1,-43157.7,-15140.9,51135.5,-9097.0,30227.5,-43035.9,-219995.5,36749.6,-55966.1,44231.9,36464.8,-71042.1,96.2,28.5
53,-8822.8,-20710.6,-102875.0,-43075.6,-9535.4,39903.3,-40565.6,-18794.0,37825.1,-11879.9,65383.7,-70945.4,-226859.3,32773.3,-42902.1,39263.6,29271.2,-67275.1,96.2,28.8
54,-53713.1,-24533.3,-75376.0,-35231.6,8279.7,40092.7,18874.8,-19216.5,38403.9,-12864.0,54412.4,-2507.4,-210336.9,29223.5,-64374.3,34602.5,24381.0,-142930.6,96.4,28.8
55,13383.2,-22445.8,-47702.3,-35178.7,11225.5,32764.0,70156.0,-9379.1,91188.5,-5413.4,20480.2,35202.5,-164173.7,33979.9,-28734.7,39822.5,29325.5,-132162.0,96.4,28.8
56,62780.9,-14446.8,7145.9,-37625.1,-2955.1,13453.4,61410.0,-1641.1,99587.4,2796.1,1961.7,17049.6,-110389.1,41887.5,43160.4,46844.0,35766.8,-62807.4,96.4,28.8
57,66302.9,-12775.3,13707.7,-32071.3,-2110.0,14098.5,55788.6,-4711.4,110561.3,1819.9,-1201.4,14187.2,-122585.6,42822.6,15685.3,48440.0,37104.6,-60674.9,96.4,28.8
58,26239.3,-15425.7,-53593.9,-34431.6,-5984.3,18534.4,56039.0,-8991.0,96154.2,-2842.5,-5874.4,17167.5,-76577.4,42131.2,-117.9,49090.4,37362.8,-84417.4,96.2,28.8
59,25847.2,-23069.6,-185483.0,-6315.4,29035.4,-6683.7,37866.2,-15105.1,23023.3,-9383.1,26600.9,10061.3,-63783.6,37197.3,-3992.2,45661.1,34626.3,-62257.7,96.2,28.8
60,-130441.5,-9608.3,-302484.3,22812.7,64786.3,-91425.6,-62206.1,12593.8,-90271.9,26787.7,63724.0,-77337.7,-134793.9,28089.7,-74893.9,37262.2,16211.1,-45653.2,95.9,28.8
61,-185496.3,31112.3,-356092.7,18898.6,56269.4,-125904.9,-155549.6,50466.6,-140455.0,55188.6,54113.1,-188850.0,-166106.2,21410.0,-156092.7,30712.3,-11601.7,-59636.4,95.9,28.8
62,-166536.7,44401.5,-354430.4,20191.4,52054.7,-139816.6,-168445.4,45013.4,-138620.5,51131.5,48711.6,-218237.8,-168658.6,23414.0,-154360.1,32639.5,6833.3,-46455.9,96.2,28.8
63,-120826.6,45074.4,-368995.2,24281.6,53812.4,-126997.6,-170951.4,44234.6,-134530.3,50645.4,47270.5,-162598.8,-170025.6,28075.1,-144257.8,35480.7,27485.7,-44408.1,95.9,28.8
64,-67696.3,37250.3,-351985.3,17016.5,54744.9,-52393.8,-95465.5,35719.1,-45824.1,47385.7,50601.7,-55457.5,-169014.9,33070.0,-93727.6,38128.4,31781.2,-64545.2,95.9,28.8
65,13299.8,-2545.8,-276120.5,-24512.1,19768.9,28079.1,74778.7,5167.1,110028.9,18805.9,23747.8,71222.3,-52803.1,16261.5,19335.7,26893.6,41997.4,-51841.5,95.9,28.8
66,113529.6,-8600.3,-135310.5,-30597.1,5936.6,132019.0,144426.0,6812.1,180195.4,9944.7,10449.4,119329.8,36716.5,-13771.3,94424.4,-6634.7,13638.9,34995.9,95.9,28.8
67,233688.6,45775.0,8471.8,-5353.8,31942.8,184288.3,153542.9,12991.2,177825.8,17103.9,17236.3,109714.9,49440.1,-12837.5,87600.3,-8156.6,-15660.1,144578.4,95.9,28.8
68,303950.6,95531.7,81204.0,54431.0,64977.0,181468.3,127927.5,12372.6,196246.3,18325.1,16742.3,75933.7,68431.4,-6812.1,25215.4,-2504.7,-10066.6,246099.6,95.9,28.8
69,313593.3,104264.4,139245.7,77760.2,88328.8,190524.3,77765.5,10681.2,160316.6,17472.1,14668.0,18984.7,22500.1,-907.3,9877.2,1827.9,-4098.2,286229.5,95.7,28.8
70,270599.8,111158.7,187602.3,82716.7,115841.0,180289.5,36259.5,10792.4,104620.7,16629.7,12695.8,-44139.2,-22055.0,3389.5,-34745.5,6547.2,1899.4,284371.1,95.7,29.0
71,205196.3,116437.0,162794.9,91450.7,125282.3,122896.8,-48795.0,7451.9,56552.9,11429.5,8487.7,-97266.8,-72893.8,3319.3,-130671.9,5581.6,4116.7,221902.8,95.7,29.0
72,155833.0,115780.0,144212.8,90364.6,123968.4,72995.8,-111848.8,-551.0,-20021.9,4458.4,2257.0,-122437.2,-109622.2,-3217.3,-156941.7,-1865.0,-1280.8,142133.2,95.9,29.2
73,73781.3,112067.3,104957.2,87999.0,107697.7,11018.9,-172143.5,-9979.1,-102697.5,-5502.2,8469.2,-177823.2,-88173.8,-9354.0,-143644.6,-7833.4,-6047.9,77532.4,95.9,29.2
74,31222.2,87093.0,39000.0,53699.8,55107.8,-40441.1,-185227.4,6255.8,-167372.5,7343.3,43133.9,-186283.1,-92922.3,-15523.7,-175064.2,-15178.0,-13628.3,31042.1,95.9,29.2
75,-12649.4,24255.1,5316.7,-7029.4,7738.0,-44967.1,-172491.9,45051.8,-182787.6,46836.0,60004.7,-129327.5,-97329.1,-23317.3,-176339.7,8392.3,5401.5,-3140.5,95.9,29.5
76,-72730.9,-10056.0,-19749.0,-31018.3,-4761.7,-26803.5,-209897.1,48740.7,-179105.3,55080.0,51771.3,-111736.2,-94942.3,15450.8,-107230.1,52371.3,56035.0,-90450.7,95.9,29.5
77,-70877.9,-16694.6,-76937.7,-38872.8,-5585.6,-19782.1,-194358.8,45225.4,-165155.2,50751.4,49135.4,-146377.1,-90037.5,46065.1,-61735.8,46699.6,50036.1,-98579.5,95.9,29.5
78,-68657.9,-22723.9,-108537.4,-43945.8,32541.5,-30738.8,-141301.4,40800.0,-136803.3,46703.6,45375.0,-169988.5,-80733.8,40752.4,-107317.5,41584.2,45867.8,-93020.3,95.9,29.5
79,-29268.5,-21664.3,-106804.9,-22457.7,66089.6,-70924.2,-86345.9,37994.7,-74338.9,42898.1,42213.3,-166263.9,-82165.7,34860.8,-170926.3,36936.3,41184.2,-49369.9,96.2,29.5
80,29591.7,16551.5,-91558.0,20972.9,62240.5,-78622.5,-73866.1,34557.5,-40955.0,40160.3,39245.0,-157941.7,-91552.7,31681.9,-176501.3,34858.1,37317.8,16829.7,96.2,29.5
81,42128.6,50546.1,-71340.1,30534.8,59635.1,-22828.6,-97643.0,35883.3,-67699.0,42422.6,40931.2,-130915.6,-97229.8,31750.7,-171979.3,35357.5,36211.8,40698.1,96.2,29.5
82,48493.0,44189.6,-85722.1,31071.2,60648.4,38667.5,-112175.9,43173.6,-80900.7,48491.7,47536.7,-58603.3,-96760.9,33631.6,-138860.3,38157.6,37161.5,45565.8,95.9,29.5
83,51789.8,44817.4,-85575.1,29349.3,62011.4,44907.5,-46236.0,49841.4,-44972.4,54746.2,53048.1,-22941.2,-91531.5,36047.6,-82038.5,41067.6,39368.2,20074.8,96.2,29.5
84,52972.6,41190.8,-71113.6,23174.3,63367.7,52159.4,10466.6,40947.1,22571.6,57212.5,61322.6,-44793.6,-92619.0,40401.4,-54087.9,45422.7,41364.3,15376.7,96.4,29.5
85,53505.1,2574.9,-63888.2,16209.8,45960.5,52217.6,-15554.2,316.6,30209.0,20429.8,47538.0,-69725.5,-122759.1,41878.2,-83214.7,47195.0,41487.5,53978.0,96.4,29.5
86,59558.3,-23236.5,-81809.4,-21400.7,3704.8,21138.5,-30214.3,-13552.8,5707.5,-9267.9,10358.0,-49102.3,-128862.6,43617.4,-89050.7,49494.4,42041.1,45306.2,96.4,29.5
87,51078.5,-20833.8,-114238.3,-26122.7,-10058.6,1363.0,27153.2,-9649.3,46977.7,-5103.5,-6910.2,12003.1,-120325.9,47630.7,-79545.7,54003.1,45285.0,36507.2,96.2,29.5
88,49624.2,-21338.5,-78990.7,-35821.1,-10014.9,6335.3,92690.5,-6088.9,115513.8,-2057.0,-3453.1,52371.3,-121561.7,30692.4,-63355.8,47956.6,50229.5,40470.2,95.9,29.5
89,61802.1,-19707.9,-66789.0,-44286.3,-7112.8,7528.7,104929.3,-1172.2,126454.6,1947.1,1434.5,62482.9,-126303.6,-8659.9,-20505.3,7866.5,54094.5,40247.7,95.9,29.5
90,57998.0,-16266.8,-77729.8,-40581.5,-3462.4,2882.2,104169.1,1941.8,108059.3,5343.2,4918.0,64481.6,-136317.2,-26815.5,15057.5,-21284.2,57607.2,41091.4,96.2,29.5
91,57798.0,-14815.1,-72892.5,-39298.0,-2094.1,-6405.5,92963.4,5172.4,42259.7,7777.7,7393.6,58094.7,-143757.1,-22710.7,-2185.5,-17668.1,12935.5,36819.8,96.2,29.5
92,26132.0,-14093.2,-79019.9,-40666.3,-1259.6,-5050.5,40819.9,5303.5,11007.0,6712.8,8014.8,20429.8,-134294.6,-17280.0,-37753.6,-12718.3,-19804.6,24647.2,96.2,29.5
93,30393.1,-14472.0,-108424.8,-40221.2,-871.6,9392.4,-19514.6,5088.9,11755.4,6134.0,6991.0,-41601.4,-81378.9,-12197.8,-73085.9,-8241.3,-15334.3,32529.6,95.9,29.2
94,98383.4,-14192.5,-90636.2,-36952.2,-259.6,51768.6,-24906.8,6327.4,48322.2,7798.9,8085.0,-65149.2,-14910.4,-7327.4,-74023.7,-3888.9,-10432.1,99121.2,95.9,29.2
95,127907.6,-12858.7,-52536.9,-35456.8,373.5,113774.7,-26863.2,7197.6,105909.5,8662.5,9200.3,-75520.4,-15800.5,-5739.3,-76050.2,-3363.0,-8772.5,129314.3,95.9,29.2
96,130240.1,-10860.0,-59743.7,-35562.8,2430.5,130874.6,-26444.6,6188.3,119846.4,6825.4,7939.3,-77230.4,-52918.3,-4759.1,-74538.9,-2906.1,-7363.2,127956.6,95.9,29.2
97,130024.2,-10342.1,-65287.0,-36735.0,2049.1,130769.9,-29275.2,2793.5,112783.9,2744.5,4922.0,-75199.9,-52706.4,-5956.5,-76998.6,-3110.0,-5895.6,131572.6,95.9,29.2
98,87244.0,-12343.5,-58588.7,-38414.5,-875.5,80679.5,-36615.8,-1500.7,45996.2,-778.8,1185.5,-36172.1,-27594.3,-9222.8,-76419.8,-6273.1,-8357.9,130408.3,95.9,29.0
99,22241.8,-15050.8,-60172.9,-37871.5,-4606.8,16070.7,-5659.8,-6845.3,9985.8,-5181.6,-3540.5,-25541.3,299.3,-13061.4,-51502.4,-11399.1,-12898.4,130887.8,95.9,29.0
100,717.9,-15299.9,-57476.1,-37386.7,-5251.8,5508.8,-2541.8,-15220.4,39846.4,-1319.2,22116.0,-42390.8,-68812.9,-19478.8,-44469.0,-18567.5,-13359.4,128437.4,95.7,29.0
101,15693.2,-17092.0,-29904.3,-41503.4,-7841.3,34920.4,-55158.1,4769.7,-1601.4,39351.0,63849.8,-42826.6,-71507.0,-26533.3,-38178.8,7565.8,23665.7,87829.4,95.9,29.0
102,20746.4,-19444.4,-86087.7,-40911.3,2178.9,38711.2,-67120.1,28479.1,-65550.5,62006.1,65690.9,-24496.2,-16435.0,5402.8,-72544.2,49943.4,54113.1,23280.3,95.9,28.8
103,-50245.4,15588.6,-211934.3,-4099.5,38007.9,-19778.1,-13244.2,43891.5,-16897.3,61551.7,65337.3,-37483.4,-62530.6,42711.4,-101959.7,49505.0,48922.2,7785.7,95.9,28.8
104,-80200.0,45145.9,-234924.4,24549.2,56782.0,-43818.7,-24896.2,56319.8,50677.2,58391.4,62773.0,-73442.2,-110703.1,41642.5,-86320.8,43054.4,41221.3,-28189.0,95.9,28.8
105,-71391.8,42743.2,-189199.7,23629.9,54936.9,16572.7,-35419.7,51698.4,50963.3,53792.5,57436.4,-48167.2,-159801.4,36146.9,-65800.9,38602.6,35880.7,-105818.1,95.9,29.0
106,-78472.8,40268.9,-199997.4,19631.1,52110.4,-22105.4,-14268.0,49837.4,50739.5,52506.4,55025.7,-23904.1,-221078.9,32811.7,-134420.4,35940.3,33549.5,-169295.7,95.9,29.0
107,-85653.2,39141.7,-179183.5,19455.0,50885.2,-72819.7,-1702.0,50853.4,3804.1,54175.3,55533.0,-78422.5,-224289.6,29734.8,-172046.8,34713.7,32214.3,-115837.0,95.9,29.2
108,-84087.6,40080.8,-182910.8,16378.0,51815.0,-80427.9,-65538.6,54498.5,-49389.7,57795.3,57991.3,-124772.4,-213193.9,34871.4,-169547.4,40394.7,36774.7,-20775.5,95.9,29.2
109,-45014.8,40917.9,-185930.7,15056.1,53746.2,-35810.5,-47079.7,54987.3,-15209.8,59829.8,59780.8,-41886.2,-207287.7,47111.5,-132332.9,49420.2,42588.2,1000.0,95.9,29.5
110,15848.2,44149.8,-194513.8,19269.5,58751.6,16387.3,24297.5,19580.8,74023.7,111628.9,61428.6,-29558.6,-212401.8,44927.3,-66256.5,48694.3,41304.7,6001.5,95.9,29.7
111,50633.5,29320.2,-199537.8,-17907.9,39796.0,19355.6,64481.6,-12955.4,116410.5,-7527.4,22823.3,26155.8,-210181.9,40630.5,-59321.2,46788.3,38083.4,21750.4,95.9,30.0
112,17099.9,-11567.3,-123363.1,-7279.7,-1551.0,85099.5,104024.7,-4180.3,156229.1,2359.0,-1125.9,52974.0,-207694.4,40319.2,-85968.4,47846.6,38168.2,-27763.8,96.2,30.0
113,5665.1,-20708.0,-93514.4,-529.8,-6637.3,138002.0,158819.9,4608.1,183106.8,9028.1,5118.1,92989.9,-210861.4,38854.3,-80907.3,45813.5,36161.5,-75568.1,96.2,30.2
114,69003.6,-9426.8,-65163.8,-32530.9,4784.3,126156.5,198449.0,8907.6,175180.7,13832.3,10364.6,132534.2,-213841.6,37789.3,-77744.3,45096.9,33956.1,-153413.1,96.2,30.2
115,137825.8,-4063.7,-17947.6,-25738.6,10381.8,88667.9,211298.5,10044.0,183171.7,15001.8,11693.1,107362.5,-211554.1,37013.2,-82235.9,45432.0,34217.0,-168991.1,96.4,30.4
116,133746.2,-5878.3,-23053.8,-26151.9,8655.9,112868.7,140374.2,5331.3,159181.5,10514.3,7585.7,54073.3,-140490.8,41486.2,-92240.2,51540.8,41324.6,-103717.4,96.4,30.4
117,72062.0,-14905.1,8451.9,-35844.9,-2.6,92991.2,87508.9,-4981.6,109068.6,1213.3,-1219.9,-1903.4,-96699.9,33364.0,-101888.2,42169.6,50436.1,-25688.3,96.4,30.4
118,14514.4,-24571.7,20082.8,-5496.9,-9722.2,9842.7,14862.8,-12732.9,35460.8,-7787.0,-7397.6,-48976.5,-124294.2,-4143.2,-104226.0,3198.8,24195.5,48315.5,96.4,30.4
119,6116.8,-28717.5,12909.0,31907.0,-8648.0,4127.3,-891.4,-15558.1,28974.5,-11616.3,-4033.2,-19600.7,-118445.0,-15025.7,-105448.6,-9934.1,-15011.1,114521.7,96.2,30.4
120,-1212.0,-27310.8,-24252.5,32443.5,-8787.0,54004.5,-2928.6,-18836.4,36548.2,-14415.1,4073.0,-31328.2,-115658.2,-12838.8,-109023.5,-10364.6,-15350.2,129290.4,96.4,30.4
121,-6443.9,-26553.2,-85124.7,-2412.0,-13240.2,66491.0,-13898.5,-16359.5,17617.8,20543.7,39772.2,-32333.5,-116921.8,-12450.7,-89470.6,-11253.4,-16652.2,126663.9,96.4,30.4
122,-7364.5,-23524.0,-110227.5,-43515.4,-9695.7,67322.8,-25410.1,-11603.0,11311.6,35686.0,60019.2,-30363.9,-119753.7,-16091.9,-38451.6,-13756.8,-19005.9,121723.3,96.4,30.4
123,-5918.1,-23731.9,-112969.4,-42197.4,-8948.6,68325.5,-65443.3,-11175.2,22312.0,30538.8,64844.6,-30855.3,-118449.0,-17563.5,-38472.8,-13653.4,-18078.8,123182.9,96.2,30.4
124,-8316.8,-26382.3,-113770.7,-40949.7,-11881.2,65071.1,-100878.9,-21945.1,4046.5,25135.9,70177.2,-32601.1,-118427.8,-17221.8,-38251.6,-13542.2,-17808.5,122274.3,95.9,30.4
125,-8995.0,-27501.6,-112026.3,-2098.1,-2935.2,63973.0,-53974.0,-20476.2,12768.6,15289.3,39613.2,-28983.8,-122106.1,-20166.2,-28981.1,-16180.7,-21068.3,116366.8,95.9,30.4
126,-10026.8,-26271.1,-112489.9,-18050.9,-2386.8,64269.7,-4788.2,-17637.7,33554.8,-14278.6,4070.3,-24543.9,-122151.1,-20751.7,-64656.5,-15722.4,-20451.0,113311.1,95.9,30.4
127,-13278.6,-24596.9,-120560.3,-46641.3,-10894.4,63358.4,-2230.5,-17195.3,33956.1,-13103.8,-720.6,-22787.5,-122581.6,-20231.1,-69210.3,-15860.1,-21025.9,103477.6,95.9,30.4
128,28189.0,-22187.5,-90967.3,-42883.6,-8377.8,63811.4,-1030.5,-19274.8,32115.0,-15216.4,19102.6,-20784.8,-124002.8,-20048.4,-58754.3,-16718.4,-16593.9,64871.1,95.7,30.4
129,63987.6,-23231.2,-49154.0,-44568.4,-9376.5,63448.5,1653.0,-20547.7,32602.4,14887.9,61092.1,-16533.0,-127061.2,-22272.3,-38817.2,-20196.7,19074.8,10226.8,95.4,30.2
130,65879.0,-21762.3,-61765.0,-40619.9,-7342.0,62545.1,5307.5,-19951.7,34198.5,14760.8,30342.7,-12048.1,-129102.3,-24094.8,-27883.1,-21337.1,19296.0,7708.9,95.4,30.2
131,62592.8,-19602.0,-71334.8,-37455.6,-5167.1,61343.8,5010.8,-16334.3,34639.6,40361.6,24418.0,-10114.2,-131849.5,-26484.3,-33495.2,-18387.4,34129.6,5764.4,95.4,30.4
