工件号： 416测试
检测时间： 2018/4/16 16:07:09
测量长度： 44 灵敏度： 3
0,-13666.7,1010.6,34546.9,-2739.2,559.0,-25411.4,9224.2,-997.4,2174.9,-815.9,2012.0,15081.3,-2450.4,117.9,72226.3,28683.1,1071.6,-160.3,88.4,57.5
1,34051.5,-5107.5,-81818.6,63897.5,-4861.1,34999.8,4445.2,2585.5,-2328.6,2063.6,-508.6,15650.9,-3773.6,22688.2,45233.3,28302.9,11228.2,25724.0,88.4,57.5
2,-12649.4,382.8,-38213.2,4055.8,556.3,11552.7,9690.4,808.0,-3283.6,874.2,-1112.6,15919.7,-708.6,2165.6,41602.7,-7185.7,-397.4,631.8,88.4,57.5
3,-11224.2,2780.2,-22488.2,76.8,1728.5,-24562.4,398.7,-245.0,-49.0,-152.3,-1455.7,1578.9,513.9,-415.9,41323.2,22685.5,12242.8,7349.9,88.7,57.5
4,-11799.1,3445.1,-10287.8,1748.4,3982.9,-24525.3,1384.2,1075.5,903.3,956.3,-1278.2,928.5,1814.6,454.3,15907.8,2339.2,12850.8,7666.5,88.4,57.5
5,1235.8,-184.1,3597.5,4365.7,-59.6,20390.1,263.6,867.6,-188.1,23.8,-1618.6,306.0,-1447.7,18877.5,51091.8,32018.3,10793.7,1777.5,88.7,57.5
6,12248.1,-1246.4,8281.1,-4474.3,-676.8,14800.5,3262.4,2706.1,2335.2,1955.0,-84.8,3683.6,810.6,308.6,21473.6,17898.6,3666.3,3773.6,88.7,57.5
7,-6651.9,4739.2,-2461.0,4096.8,3532.6,-14640.2,4177.6,-1809.3,36426.4,-1385.5,1749.7,4229.3,-3429.3,14115.7,-7241.3,27790.3,10128.8,42813.4,88.7,57.7
8,-1331.2,6405.5,-106757.2,10593.7,5730.0,38819.8,15909.1,851.7,65023.4,1776.2,-2605.4,14674.7,49350.0,33960.1,-614.6,47131.4,7391.0,-12795.1,88.7,57.7
9,55832.3,23795.5,353263.5,107512.2,20859.0,54560.8,30766.6,-2066.3,-6654.5,-993.4,6523.4,28178.4,61885.5,44258.4,12126.2,66324.1,-2539.2,-166651.9,88.7,57.5
10,121143.1,125710.2,928007.3,147034.1,56082.7,39427.8,29079.1,-5886.3,-58209.9,15041.6,52205.7,34146.8,101463.0,72315.0,114597.2,64220.7,4748.5,-103800.8,88.4,57.5
11,23860.4,67800.9,888681.5,128090.4,24653.8,-114886.0,38883.4,17696.0,-76511.2,66459.2,74944.2,16563.5,258432.5,32582.5,137008.6,25471.1,-23485.6,175888.0,88.4,57.5
12,-91436.2,12119.6,378391.5,12928.9,13217.7,-258115.9,21615.3,47938.0,-91375.3,72863.4,72615.7,72207.7,235176.1,10054.6,25591.6,-1578.9,-20326.5,595408.1,88.4,57.7
13,-294092.0,45519.4,-333605.9,-45649.2,36598.6,-442900.9,-66196.9,70054.0,-149983.8,67664.5,69403.7,29767.9,162569.7,28742.7,27085.7,15702.5,-47474.4,705917.7,88.4,57.7
14,-396307.3,38843.7,-492849.6,-67322.8,-8212.2,-374821.8,-54666.7,65391.6,-220591.5,61236.5,67587.7,-66195.6,-13052.1,29908.3,-57379.4,7273.1,-46829.4,189485.8,88.4,57.5
15,66194.3,51122.2,-687458.8,-54454.8,51354.0,10621.5,38684.7,33933.6,64298.8,61917.3,37483.4,-57933.1,-141082.9,12026.9,-40384.1,-8306.2,-53216.4,-308768.0,88.4,57.5
16,349038.2,42580.2,-708384.0,-73463.4,49156.6,322642.6,143031.3,14767.4,478870.4,13319.7,14381.9,62032.5,-62496.1,29085.7,-58477.5,62578.3,-23743.8,-480022.7,88.4,57.5
17,256908.0,45169.7,-74862.1,-54978.0,58298.6,603091.8,138241.7,25267.1,557263.7,27347.9,24526.7,12245.4,-21561.0,69728.2,51294.4,58588.7,-2597.4,-244773.8,88.4,57.7
18,67363.8,48065.2,-561813.5,-16959.5,53555.4,535186.2,136337.0,16129.0,365003.0,17856.2,13330.2,20259.0,54947.5,63365.0,6575.1,56048.2,-53327.6,67422.1,88.4,57.5
19,-31981.2,120584.2,171664.0,97273.5,132605.8,191981.3,40272.9,1186.8,114876.7,8126.1,8383.1,20978.2,46400.2,27019.4,19386.1,44016.0,-127830.8,184228.7,88.4,57.5
20,-101627.2,48883.8,542182.4,105615.5,53597.8,-151860.7,40148.4,66370.4,-69060.6,68524.2,65995.6,26483.0,11715.6,-56142.3,16387.3,-15714.4,-118090.1,205567.2,88.4,57.7
21,-68530.8,32642.2,66185.0,90501.0,35117.7,-243269.1,-76883.4,67460.5,-130754.1,59853.7,62533.2,68383.8,39291.4,-57697.3,7348.6,20631.2,-149734.8,118850.3,88.4,57.5
22,-47910.2,9146.0,-1018019.6,-44212.1,-12030.9,-68344.0,-63129.3,61909.4,-86004.2,68842.0,57419.1,59409.9,135983.4,-23255.1,13976.6,10385.8,-126160.5,277594.7,88.7,57.5
23,-162132.6,-33156.1,-1801468.4,-59023.2,-32907.1,737.8,41012.0,28636.7,-12109.0,2814.7,73409.1,9034.7,95662.8,25574.4,59327.8,48550.0,-124920.7,287575.2,88.7,57.5
24,-344513.5,123863.8,1176631.5,131743.5,120871.6,-123861.1,10159.3,-1144.4,-16544.9,5888.9,47434.7,-42331.2,108696.4,54462.8,99080.1,57408.5,-38874.2,181198.1,88.7,57.5
25,-80237.1,189491.1,1876421.9,207097.0,114654.2,-154043.6,31525.6,12609.7,-45310.1,21101.4,8845.3,53687.9,27888.4,49401.7,12664.0,37789.3,-12320.9,29912.3,88.9,57.5
26,208142.1,118139.1,311761.5,177354.3,100088.1,-44115.4,78381.4,18791.4,-150218.3,27632.7,13344.8,35487.3,49258.6,17334.4,2096.8,2647.8,-48418.8,-55339.6,88.9,57.5
27,381869.8,109312.3,-368850.8,198714.0,121597.5,73349.5,14906.5,19861.6,-138996.7,26366.4,13615.0,27559.9,-51524.9,27987.7,14995.2,6671.7,-38050.3,-35913.8,88.9,57.3
28,392817.1,129054.7,-471806.6,101814.0,77450.3,65606.2,12017.6,21253.7,-25083.0,25525.4,15937.0,22149.1,19817.9,53552.8,70177.2,11690.5,-16433.7,-57711.9,88.9,57.3
29,333333.0,18445.7,-194582.7,49538.1,4650.5,92128.9,13821.7,16403.2,-47805.6,17404.6,9836.1,21110.6,7662.5,99346.4,-2988.2,7467.8,-19212.6,-35223.7,88.9,57.3
30,158467.6,11159.3,32236.8,-28945.3,3743.2,170278.6,14568.7,17056.2,95137.0,17452.2,10286.4,8302.3,45963.1,63869.7,8532.7,-1581.5,-23000.8,-27463.2,88.7,57.5
31,9046.7,5380.3,-20775.5,-77368.2,1768.3,186975.8,101382.2,18443.0,283025.4,15490.6,13138.2,8894.3,545.7,45364.4,17113.2,-3875.6,-46959.2,-129958.0,88.9,57.5
32,-380528.0,-21884.2,-589251.6,-90726.2,43194.8,-82082.2,-5030.6,14460.1,119219.9,47948.6,53156.7,23493.5,-150397.1,14237.6,-15452.2,31047.4,60096.1,-320602.8,88.7,57.5
33,-224606.2,10871.9,153656.8,22069.6,33968.0,-139220.6,-117256.9,7293.0,-81927.3,35430.3,46092.9,-52878.6,-28361.2,16966.1,-84923.4,51379.2,-33818.4,-252701.2,88.7,57.7
34,439810.8,116863.5,592184.1,122295.5,145510.8,345730.8,171596.5,45139.3,294641.7,41865.0,22033.9,51554.0,-199679.5,65404.8,-115874.1,52616.3,6651.9,-678.2,88.4,57.7
35,213685.3,109189.1,7616.1,93646.8,104902.9,298347.8,261701.5,131955.4,353601.3,133131.6,112591.9,223698.9,-169017.6,7951.3,60694.8,-192.1,-44192.2,122212.0,88.4,58.0
36,-35627.7,-8289.0,-26525.4,-69909.6,-2106.0,2892.8,109869.9,27361.2,132624.3,5808.1,17905.2,127024.1,124624.0,78867.5,214623.1,12532.9,-36675.4,156880.8,88.4,58.2
37,-118609.3,-34398.5,-282810.8,-160319.3,-29561.3,-160617.3,-49935.4,3612.0,-44601.5,-177.5,4567.0,-9616.2,336803.4,132943.5,161050.4,77137.7,-5747.2,134768.8,88.2,58.0
38,24971.7,-34368.0,-1640461.6,-31036.8,-22400.8,-81621.3,-24456.4,14910.4,-28141.3,38153.6,36635.7,-70668.6,454191.4,111044.8,93321.0,48596.3,-31122.9,-101191.5,88.2,58.2
39,182836.6,136017.8,1215962.6,230054.1,137334.4,133009.8,-54360.8,36207.8,-68334.7,68595.7,75928.4,-45800.2,365716.9,70152.0,133123.7,17582.0,-37153.6,57742.3,88.2,58.2
40,46983.0,23729.3,435017.2,152374.6,33749.5,10230.8,20898.7,66371.8,-71895.1,60583.5,68110.9,45622.7,298945.1,147685.7,104471.1,130650.7,78598.7,912242.5,88.4,58.2
41,208.0,14163.4,221706.8,34165.4,-8750.0,34993.2,-62378.3,58983.4,-10739.4,55596.6,61621.9,53907.8,-103759.8,39973.5,-48070.5,30671.2,-23969.0,-421087.0,88.4,58.5
42,35437.0,-70872.6,136029.7,-48938.1,-77148.3,-82160.4,37320.5,55824.4,-69512.3,51517.0,56558.2,20125.2,-234679.4,55754.2,-3467.7,29032.8,-9708.9,-334632.4,88.7,58.5
43,15362.1,-80752.4,73855.5,-113644.9,-85434.7,-42972.3,88059.9,54034.9,50192.4,48330.1,52948.8,25883.0,-415625.9,73875.3,-45748.6,46277.0,-8577.8,-246856.0,88.9,58.5
44,9748.7,-71136.2,151613.0,-67363.8,-71581.2,-60428.5,20159.6,55204.5,65325.4,51581.9,53290.5,53972.7,-595665.0,69451.3,-186680.4,41267.6,1667.6,-317596.1,89.2,58.5
45,3932.6,-75848.9,138013.9,-27310.8,-40878.2,35499.2,76124.4,48142.0,72831.6,12573.9,45451.9,24379.6,-531019.1,53674.6,-217133.1,27145.3,-18186.0,-152471.3,89.4,58.7
46,26137.3,-26612.8,-11082.5,7526.1,46826.7,38403.9,73728.3,52803.1,42590.8,45316.8,51906.4,-41323.2,-108765.2,36801.2,-112066.0,24149.2,-30194.4,323647.9,89.4,58.7
47,-18795.3,-58964.9,-67724.1,-72642.2,-60551.7,28509.6,77650.3,58722.5,13898.5,52279.9,57613.9,52928.9,272648.9,66771.8,86720.8,10473.2,14005.8,127116.8,89.4,59.0
48,-42412.0,41280.9,-229777.2,44698.2,32891.2,35027.7,71374.6,48365.9,2865.0,66281.7,69035.4,26034.0,163067.7,37878.1,111696.5,30207.6,-21999.4,-679393.6,89.4,59.2
49,-71170.6,67896.3,-82613.4,63810.1,55458.8,37209.2,64414.1,36656.9,57151.6,69467.2,72328.3,57643.0,54558.1,60595.4,65465.8,48894.4,-18058.9,-418222.0,89.4,59.4
50,89698.4,3972.3,144059.1,11489.1,19780.8,109911.0,27644.6,22437.8,16967.5,44948.5,72277.9,-12421.6,187928.2,24877.7,41858.4,8051.9,-37009.2,632374.9,89.4,59.4
51,-40173.5,12967.3,181615.4,-41973.6,46009.5,-69798.4,-115984.0,51203.0,-30969.3,23746.5,50384.5,-62615.3,208234.8,25304.2,-46674.4,9187.1,-39927.2,952948.5,89.4,59.4
52,15897.2,31406.4,-173891.9,89701.0,16497.2,10699.7,-197051.6,71178.5,-27951.9,72582.6,67342.7,-195605.2,216151.6,134534.3,-125686.3,65124.0,-2078.2,650000.6,89.4,59.7
53,9408.3,49777.8,-1594617.7,90898.4,17428.4,-8282.4,-167246.7,1692.8,-49548.7,9666.5,20346.4,-137660.2,230625.0,118890.1,-75778.7,96537.0,-10599.0,324858.6,89.4,59.9
54,57905.3,118190.7,1347488.9,170558.0,119781.5,90003.0,39953.7,33271.3,56730.4,20959.6,18824.5,54077.3,365793.7,104234.0,143293.5,86271.8,-10663.9,265026.1,89.4,60.2
55,104109.5,114647.6,452700.0,289154.1,116321.8,76022.4,205200.3,125278.4,143672.4,73009.1,39909.9,208340.8,541778.4,137674.8,358188.2,143430.0,86062.5,371441.6,89.4,60.2
56,123624.0,86247.9,-242968.4,159466.3,47021.4,39896.7,209294.4,43957.8,25436.6,24182.3,19878.8,201822.7,563642.7,103310.8,405558.0,75043.6,6153.8,302309.5,89.4,60.4
57,39206.6,47670.5,-183497.5,-13552.8,28173.1,11400.4,121879.6,32737.5,25838.0,36725.7,56021.7,142758.4,503232.8,40356.3,338758.4,29808.9,-60142.4,529951.6,89.6,60.4
58,28073.8,-70430.2,78034.4,-142812.7,-50678.5,4621.3,91781.9,-44883.6,13277.3,-79630.5,-38537.7,62843.2,196422.5,-121188.2,112299.1,-97955.6,-254647.0,830886.1,89.6,60.4
59,-60326.5,-120486.2,-62207.4,-148026.2,-93558.1,-15952.9,33599.8,-166955.3,-13298.5,-146106.9,-205161.8,-9614.9,-1087890.8,-522571.2,-458445.8,-479854.5,-598981.7,-2411050.4,89.6,60.6
