工件号： 416测试
检测时间： 2018/4/16 15:22:25
测量长度： 44 灵敏度： 3
0,38696.7,-2931.2,13608.4,36052.9,12821.6,-19338.4,-103.3,-1344.4,2373.6,-2123.3,6891.6,-20219.2,2118.0,36915.1,-57292.0,24704.1,26951.9,-18844.3,90.1,54.8
1,28153.3,3242.5,-24124.0,-14841.6,-1495.4,-37760.2,5393.6,145.7,951.0,615.9,-8482.4,-65741.3,2851.8,423.9,-36103.2,-19707.9,19163.6,-3241.2,89.9,54.8
2,29166.5,7814.8,-52022.9,-10115.6,2820.0,-37190.7,31655.4,882.1,-430.5,2519.3,-7477.1,36533.7,2617.3,-1895.4,-36064.8,-18523.8,-46972.4,-12809.7,89.9,54.8
3,23700.1,833.1,-56710.5,-14514.4,-4259.7,-35897.9,1549.7,-1816.0,-1463.6,-728.5,12322.3,-13090.5,724.5,32039.5,8850.6,38194.7,27774.4,-18725.1,90.1,54.8
4,24440.6,576.2,-56421.8,-24641.9,-4700.8,-40257.0,-695.4,568.2,1671.6,1124.5,-8147.3,-21019.2,86.1,14242.9,8461.2,58625.8,23917.4,-19590.1,90.1,54.8
5,78990.7,-2618.6,-53907.8,-659.6,-6190.9,24031.3,42139.2,-4320.7,36127.0,27273.8,41984.2,-17812.5,39610.6,41691.5,2707.4,47789.7,19239.1,-15893.2,89.9,54.8
6,78887.4,-4069.0,-29626.2,-25310.8,-2461.0,21878.9,72859.4,581.5,-27039.3,16914.5,30956.0,53679.9,63653.8,-1777.5,-5633.3,15151.5,-1654.4,35609.1,90.1,54.8
7,89311.6,-5021.4,-78503.3,14446.8,21991.5,3847.8,41912.7,-3924.6,28520.2,7194.9,21300.1,54499.8,25415.4,-1667.6,-18017.8,-15204.5,9515.6,-13788.5,90.1,54.8
8,74749.5,44723.4,-142214.0,38396.0,44042.5,38090.0,13723.6,-1716.6,44552.5,-1592.1,-3380.2,51013.6,-17401.9,2336.5,-53224.3,5137.9,-27253.9,-74403.8,90.1,55.1
9,51734.2,-1185.5,-4269.0,-7947.3,-5743.2,100327.9,26888.3,2339.2,103485.6,2302.1,-186.8,-2948.4,65971.7,65753.2,-4887.6,51044.1,29069.8,-20811.3,90.1,55.1
10,151345.5,25955.8,-328848.1,-15484.0,26838.0,96684.0,148148.0,8250.6,218566.3,6394.9,-519.2,-17719.8,48655.9,11720.9,-2144.4,10384.5,8678.4,14947.5,89.9,55.1
11,80091.4,61513.3,-486090.5,-22059.0,59068.2,30787.8,139983.5,8553.9,242790.9,8001.6,1271.6,-14389.9,11535.5,-31.8,-16241.6,1079.5,-8008.2,-2859.7,90.1,55.1
12,141867.0,17093.3,-722271.9,-53581.9,40769.6,73803.8,162494.2,9485.1,342338.6,8180.4,3633.2,-7781.7,21500.1,2568.3,-15880.0,-19515.9,-38957.6,41478.2,89.9,55.1
13,121997.5,45274.4,100730.5,-40196.1,43258.4,113497.8,134200.5,8140.7,296081.5,6612.1,1386.8,-11246.7,53036.2,8644.0,-40929.8,25351.8,3152.4,38437.1,90.1,55.1
14,65638.0,11563.3,318469.0,44231.9,11176.5,39604.0,24290.9,1443.8,108601.0,956.3,9548.7,-14244.2,32954.7,49996.4,-62068.3,59147.7,22399.4,101918.7,90.1,55.1
15,31030.2,86234.7,823863.4,116686.0,90093.1,-95221.7,55121.1,-2703.4,-77603.9,-1271.6,27824.8,32553.4,30015.6,21368.9,-58627.1,-55.6,26008.8,80744.4,90.1,55.1
16,21902.7,149887.1,1117396.4,145083.0,139276.2,-120928.6,-48808.3,18795.3,-146424.8,16327.7,63012.7,47010.8,68008.9,68599.7,-58787.4,54772.7,5862.4,112533.6,90.1,55.1
17,-5833.3,14217.7,212889.3,65399.5,22333.2,-262068.4,-63180.9,66504.2,-244678.4,63893.5,59395.4,9842.7,127237.4,60199.4,-53309.1,51568.6,-24072.3,119773.6,90.1,55.1
18,-30541.4,15083.9,-476328.6,56343.6,44045.2,-212730.3,-25208.8,67590.3,-171503.8,74291.2,57290.7,-27287.0,127150.0,54587.3,-52625.6,45556.5,-98933.1,15154.2,90.4,55.1
19,-57971.5,35819.7,-1033443.9,-32789.2,23994.2,-95468.1,-50768.6,68526.8,-82205.4,73921.7,59172.8,33446.2,143791.6,47826.8,-64929.3,39940.4,-104606.2,190322.9,90.4,55.1
20,-99680.2,-45085.0,-1856365.6,-223536.0,-48486.4,-82563.0,57061.5,71488.5,38027.8,72288.5,64864.4,-18424.5,148750.7,62734.6,-50991.1,51952.7,9034.7,207075.8,90.1,55.1
21,-169604.4,24015.4,-559524.7,21506.7,19587.4,-62061.7,6589.6,-7539.3,5727.3,-2892.8,59935.8,-11596.4,148178.5,64403.5,-46951.2,57408.5,13819.0,233239.6,90.4,55.1
22,16783.3,146370.5,1167965.0,100481.5,148051.3,16544.9,14460.1,1123.2,58600.6,5437.3,-8018.8,-5181.6,22693.5,-491.4,-52113.0,-17906.6,-13330.2,45404.2,90.4,55.1
23,138318.5,78854.3,1378451.5,143498.9,157941.7,31091.1,6428.0,8588.4,60496.1,11645.4,-63.6,-6323.4,33636.9,6818.8,-62717.3,-14603.1,-37033.0,-44155.1,90.4,55.1
24,177403.3,111451.4,857153.3,149171.9,155948.3,-15754.2,74368.1,7636.0,-74744.2,11130.2,-2551.1,-1499.4,964.3,-1527.2,-52615.0,-8089.0,13429.6,-80753.7,90.4,54.8
25,224276.4,147775.8,189301.7,80163.0,136501.3,-1506.0,72924.3,12723.6,-84691.6,14858.8,1744.4,6369.8,65166.4,5960.5,-56117.1,-14946.2,-43883.6,-84069.0,90.4,55.1
26,221608.8,130940.8,-77245.0,122624.0,70410.3,99950.4,41739.1,13180.6,-78438.4,16338.3,3385.5,7014.8,69391.7,14992.6,-56831.0,-9336.7,-35157.5,-31875.2,90.4,55.1
27,307934.8,118819.9,-151289.8,88539.4,25426.0,64526.7,6651.9,12071.9,-52346.1,18347.6,2127.2,58472.2,69691.1,27751.9,-54434.9,9326.1,23369.0,12132.9,90.4,55.1
28,280540.5,114623.7,14192.5,-8686.4,23341.2,98697.4,17244.3,16211.1,1430.5,22831.2,5605.5,48242.7,5573.7,3311.4,-46989.7,-4462.4,26484.3,-73360.1,90.4,55.3
29,168596.4,89736.8,52154.1,-19535.8,22942.5,197245.0,90405.7,21069.6,172040.2,28577.1,11054.7,1165.6,47123.4,17248.3,-57252.3,14652.1,23259.1,-68550.6,90.4,55.3
30,-45512.8,12808.4,-140239.1,40519.2,7511.5,43997.5,127155.3,23122.6,240435.9,28650.0,11036.1,-4176.3,-93778.0,15653.5,-32250.1,48049.3,19957.0,-320773.7,90.1,55.3
31,-253107.8,15902.5,-94937.0,14434.9,36897.9,-155031.7,-38990.7,14404.5,-21047.1,16440.3,1978.9,-48661.2,-66985.0,-14211.1,-133584.6,755.0,-56190.0,-381847.2,90.4,55.6
32,-1453.0,36990.6,142259.1,16021.7,-2088.8,-64766.4,-34332.3,1582.8,-69484.4,3518.0,-6451.9,-70663.3,55950.2,16113.1,-109450.0,-16484.0,-27827.4,-27730.7,90.1,55.8
33,217505.3,666.2,101746.5,-11730.2,-112.6,96515.8,10261.3,2237.2,95882.7,3605.4,-4659.8,-77352.3,-40584.1,16256.2,-93490.6,-10624.2,-29239.4,98686.8,90.1,55.8
34,269835.5,-1919.3,-63223.3,19533.1,-6675.7,233242.3,157796.0,12848.1,235868.8,11947.4,6251.9,57049.6,-92599.1,2969.6,-110422.2,-16382.0,-32561.4,39827.8,89.9,55.8
35,183965.1,9218.9,-214756.9,-16444.3,3435.9,210630.9,295611.2,24256.4,283013.5,22248.4,16084.0,173661.5,-123479.6,4642.5,-20783.5,-14558.1,-44722.0,43213.4,89.9,55.8
36,28105.6,2879.6,-264027.4,3903.4,-4763.1,60309.3,191696.5,25055.1,185957.2,21294.8,17231.0,160618.6,-7389.7,17082.7,44563.1,-6159.1,-33015.7,-17711.9,89.9,55.8
37,-42813.4,4336.6,-271052.8,27604.9,59760.9,-49164.6,79998.7,13760.7,72221.0,11697.1,6463.8,85722.1,165908.9,22681.6,98379.5,482.1,-28473.8,2092.8,89.6,55.6
38,-68963.9,59068.2,-164817.4,-87727.4,50801.7,-128796.4,-31541.5,3529.9,-42553.7,8458.6,-3463.7,-24566.4,337778.2,104602.2,48687.7,9405.6,-16070.7,81959.0,89.6,55.6
39,-21625.9,50324.9,-222824.7,-95442.9,44169.7,-78494.0,-44543.2,4204.1,-25298.9,11011.0,-91.4,-36525.7,465921.6,128996.4,13646.8,27251.2,-13625.6,86747.3,89.6,55.6
40,69556.0,17974.1,-870486.2,-53869.4,-360.3,-66015.5,-39793.4,38509.9,-16314.5,72839.5,69631.5,-69182.5,355337.7,67675.1,-53526.3,11608.3,-15868.1,14672.0,89.6,55.8
41,140121.3,9679.8,321253.2,87706.3,8518.2,42984.2,-56301.2,56379.4,-68173.1,66822.1,67675.1,-42580.2,345661.9,42732.6,-63098.8,9972.5,-1675.6,205997.6,89.6,55.8
42,75696.6,44463.7,189419.6,84017.4,47413.5,-12209.7,7201.6,66228.7,-59780.8,58819.2,61217.9,27355.9,159271.6,120502.1,-54650.8,100064.3,70387.8,823327.0,89.4,56.1
43,56882.7,16907.9,238066.3,18706.6,6088.9,25072.4,-68402.3,56383.3,-76443.6,50471.9,50989.8,31654.0,-104720.1,35606.5,-40976.2,17235.0,-14711.8,-58183.4,89.4,56.1
44,44945.9,14017.7,214982.0,-72252.8,-12921.0,15789.9,46956.5,53950.2,-66906.9,51646.8,48750.0,-970.9,-128675.8,41200.1,-12513.0,23847.2,-601.3,-255158.2,89.2,56.1
45,39541.7,26124.1,169026.9,-90458.7,17114.5,-37313.8,19827.2,61851.1,25827.4,58341.0,56052.2,9086.4,-138225.8,44989.6,4790.9,27427.4,4695.5,-331446.9,89.2,56.1
46,29910.9,52364.7,44520.7,-83204.1,45503.5,6286.3,24517.4,67864.5,70211.6,67190.3,60615.3,-1614.6,-160960.4,60635.1,-12120.9,36026.4,18217.8,-365516.9,89.2,56.3
47,71875.3,47867.8,28906.9,-95437.6,40484.8,-48453.3,9069.2,66853.9,42859.7,64563.8,57996.6,-4202.8,-341294.9,60110.6,-117283.4,32311.0,22975.6,-498334.6,89.2,56.3
48,112256.7,52942.2,218866.9,-86254.5,49465.2,34562.7,44655.8,64998.2,14816.4,61729.2,55890.6,41029.2,-514941.8,53223.0,-201277.0,15572.7,18812.6,-368303.7,89.2,56.3
49,141794.2,58681.4,48157.9,-9552.6,20055.0,-24192.9,72133.5,63157.1,6059.8,59269.5,55133.0,41486.2,-288351.4,62041.8,-144713.5,36826.4,25941.3,-4952.5,89.2,56.3
50,62918.7,56078.7,13376.6,40165.6,61341.1,22721.3,36488.6,68936.1,5671.7,66842.0,62155.7,27615.5,-42422.6,7242.6,-116511.2,-3839.9,-33332.2,416933.2,89.4,56.5
51,87531.4,59252.3,-52577.9,45311.5,55730.3,26692.3,-182.8,32085.8,1887.5,74611.8,69011.6,38564.2,216975.5,23675.0,-33839.5,2817.3,-21182.2,464285.8,89.4,56.8
52,-28089.7,68889.7,-188790.4,40113.9,58102.6,28434.1,-997.4,3031.9,4029.3,56819.1,71438.2,47369.8,282110.1,12721.0,81663.7,-7800.3,-34354.8,-68738.7,89.4,57.0
53,-13237.5,67618.2,-179583.5,38491.4,52571.3,12332.9,72426.3,-1839.8,14699.8,67198.3,70827.5,-8444.0,259810.0,65407.5,78757.6,47822.8,20827.2,-729918.5,89.4,57.3
54,-6483.7,70697.7,-142045.8,43618.7,56954.2,21929.2,64714.8,22464.3,58065.5,74897.9,66975.8,28281.7,132387.2,64669.7,-34160.1,43197.5,14029.6,-434317.9,89.4,57.5
55,90226.9,-809.3,25414.1,17274.8,35537.6,28212.9,69030.1,9144.7,20543.7,25022.0,68948.0,39604.0,45151.2,-1242.4,-42455.7,15425.7,7959.2,392810.5,89.4,57.7
56,89719.6,13274.6,-168800.4,-51115.6,10526.2,23178.3,-59796.7,62559.7,28652.6,59431.1,52701.1,-96345.0,57036.4,26583.7,-120682.2,-777.5,-23894.8,936946.7,89.2,58.0
57,61122.6,55446.9,272487.3,42479.6,29116.2,7487.7,-34836.9,65408.8,-75123.0,65467.1,55770.1,-60559.6,12179.2,97926.5,-128699.7,7598.9,-16725.1,819737.4,89.2,58.0
58,52988.5,151640.8,388231.6,147920.2,135952.9,66765.2,-106820.8,7486.3,-5416.1,1327.2,66714.8,-137615.2,99584.8,11618.9,-161884.9,-9560.6,-20043.1,465501.7,89.2,58.2
59,67302.9,82227.9,224030.0,102518.7,32660.7,-13914.4,-99268.2,-1708.7,-40731.2,47914.2,57605.9,-139730.5,79566.9,18521.2,-173107.8,-5699.5,-33977.3,179353.0,89.2,58.2
60,80702.0,118366.9,-256305.3,97265.5,22357.0,-4579.0,59694.7,2075.6,25660.5,6008.1,16833.7,25522.7,240397.5,11840.1,13244.2,5989.6,30390.4,99375.5,89.2,58.5
61,-41731.2,12497.1,-894673.7,42177.6,24191.5,12703.7,183533.3,5416.1,46009.5,8553.9,-1237.1,161741.8,352988.0,62146.5,196716.5,48085.1,18758.2,93725.0,89.4,58.5
62,43829.3,4385.6,-515849.1,39626.5,12041.5,-323.2,183966.4,928.5,23190.2,5639.9,17505.2,181031.2,326648.0,60486.8,204013.5,47719.5,5673.0,5655.8,89.4,58.7
63,141139.8,9005.6,-43096.8,37627.8,8089.0,-14951.5,116862.2,7968.5,28116.2,10911.6,-2733.9,117985.4,219493.5,63231.3,150720.3,49600.3,8964.5,8893.0,89.4,59.0
64,174942.3,26173.1,172103.8,8165.8,26146.6,72046.1,148635.4,8899.6,133143.5,15669.4,-1111.3,124728.7,125281.0,57330.4,31793.1,48232.1,-16828.4,114950.9,89.6,59.2
65,74724.4,12150.1,213139.6,10927.5,14460.1,-11833.5,139241.8,27742.7,138315.9,30093.7,24961.1,55077.3,149157.3,-40235.8,78298.0,-30344.1,-94501.2,81830.6,89.6,59.2
66,119570.9,56248.2,227677.8,14660.1,43247.8,-22064.3,71431.5,33301.8,31132.2,32579.9,3132.6,-1029.2,76472.8,-73741.5,-37826.4,-89999.0,-143381.0,33123.0,89.6,59.4
67,77364.2,-146179.7,622660.6,-137176.8,-141717.3,-63232.6,-56168.8,-171151.4,-98407.3,-144215.4,-168528.8,-129875.9,-383785.1,-287697.1,-289596.5,-299698.8,-373800.6,-948386.8,89.6,59.4
68,-85323.4,-116596.0,-176635.1,-159300.7,-99586.1,-118966.9,-66459.2,-62965.0,-77177.4,-36169.4,-54446.9,-110635.5,-346737.5,-128874.5,-253947.6,-131388.5,-199037.1,-810639.1,89.6,59.7
