工件号： 416测试
检测时间： 2018/4/16 16:05:31
测量长度： 44 灵敏度： 3
0,3189.5,-1806.7,1953.7,-6720.8,-1479.5,17205.9,-7686.4,-317.9,-172.2,482.1,54.3,-22285.5,-1786.8,-2635.9,27846.0,39.7,61718.6,-20827.2,91.3,50.3
1,-898.0,-1202.7,-37136.3,-5148.5,39.7,-7391.0,-2092.8,-453.0,-66.2,205.3,214.6,4164.4,565.6,-981.5,-13068.0,-3658.4,57356.9,-45763.1,91.1,50.0
2,-4112.7,-2672.9,-77527.1,-7438.7,-1895.4,48420.2,-33564.0,-22.5,-2074.2,871.6,324.5,-53143.5,1907.3,774.9,-13585.9,-3163.0,27083.0,-70292.4,91.1,50.0
3,453.0,4902.2,-76985.4,572.2,3508.7,-7151.2,-17412.5,39.7,2169.6,1524.6,773.5,-37396.0,107.3,303.3,27422.1,1635.8,25955.8,-64936.0,90.8,50.3
4,2265.0,3601.4,-68744.0,-4233.3,2751.1,-6201.5,-42788.2,1164.3,3682.2,1994.8,1578.9,-70967.9,2210.7,-2516.6,44363.1,520.5,59574.2,-64991.6,90.8,50.3
5,-928.5,3356.4,-60249.7,-6916.8,2078.2,6119.4,36370.8,1217.3,77182.7,755.0,393.4,-58134.4,47510.2,-3814.7,40841.1,5993.6,61019.3,-28036.7,90.8,50.5
6,55760.8,1588.1,-24289.6,3947.2,822.5,67611.5,23998.2,-2160.3,65101.5,-2872.9,3435.9,8097.0,58537.1,517.9,32226.2,-2769.6,-10029.5,-19878.8,90.8,50.5
7,66667.1,1633.2,72481.9,29250.0,6576.4,2690.2,-3080.9,-2348.4,56764.8,973.5,9361.9,-61893.5,42333.9,1924.6,24222.0,-2973.6,-3691.5,-128497.0,91.1,50.5
8,71775.9,5311.4,-44277.0,8347.3,7904.9,1113.9,-31178.5,1201.4,9159.2,510.0,1658.3,-71736.2,66536.0,1798.7,33825.0,-3761.7,-8977.8,-9972.5,91.1,50.5
9,982.8,4977.7,-18371.5,8465.2,4568.4,-1164.3,-24086.9,6115.4,16862.8,7010.8,5197.5,-69501.7,6104.8,3978.9,-17446.9,-328.5,1525.9,-56363.5,91.1,50.5
10,16323.7,5288.9,-124673.1,7253.2,2341.8,2825.3,-1642.4,4881.0,38203.9,5224.0,4812.1,-62810.1,21078.9,-351.0,-18105.2,2741.8,31379.9,-45167.1,91.1,50.3
11,24096.2,2242.5,-253061.5,15136.9,29752.0,10617.6,91633.5,1956.4,126783.1,2098.1,2817.3,-52462.7,69730.8,9177.8,39094.0,11648.1,-1006.7,1329.8,91.1,50.3
12,-1463.6,5956.5,-336241.7,62169.0,70787.8,7857.2,66569.1,6788.3,97641.7,6373.7,6914.1,-47891.7,7585.7,-1219.9,-7971.1,6402.9,2401.4,-58461.6,91.1,50.3
13,-62649.8,63177.0,-488546.2,25620.7,57710.5,9218.9,169599.1,7500.9,197111.2,6849.2,7879.7,-12499.8,7342.0,8336.7,-7022.8,15821.7,10158.0,-43549.8,90.8,50.0
14,70352.0,62729.3,-132007.1,37354.9,63052.4,2886.2,57184.7,3914.0,169874.6,3711.4,4496.8,-44567.1,10626.8,36486.0,-32978.6,45850.5,44813.4,-41219.9,90.6,50.0
15,189867.3,-3830.6,834438.6,41520.6,11238.8,11220.2,32199.8,-3965.7,71222.3,-4426.6,3537.9,-57713.2,14411.1,65836.6,-34225.0,70023.5,44182.9,-59474.8,90.6,50.0
16,208307.6,12007.0,776963.8,16497.2,19300.0,63596.8,-45739.3,-6324.7,-47824.1,-1053.0,64012.7,-7763.2,28079.1,72668.7,-33300.5,74492.6,46742.0,-61260.3,90.4,49.8
17,100477.5,12107.7,447114.3,6851.9,14664.1,-12220.3,-80839.8,-112.6,-150998.4,76888.7,75956.2,-16715.8,25228.7,69569.2,27546.6,75219.7,50302.3,-57352.9,90.4,49.8
18,13568.7,6841.3,-275678.1,6715.5,6752.5,-68753.3,-57001.9,-5937.9,-148443.4,-3820.0,68812.9,-22786.2,19256.3,65391.6,37479.4,76410.5,50294.4,-44475.7,90.4,49.8
19,-27794.3,4314.1,-620467.2,9792.4,1537.8,-68167.8,-64985.0,-5088.9,-58621.8,-2985.5,63480.3,-33595.8,16103.9,25423.4,35924.4,31047.4,51616.3,-22710.7,90.4,49.8
20,-105153.2,4947.2,-540112.2,10122.2,1078.2,-39970.9,-120104.7,-388.1,-70683.2,1423.9,9171.2,-21484.2,11755.4,40365.6,32432.9,36097.9,50842.8,-22951.8,90.4,49.8
21,-172532.9,10565.9,-441988.3,11564.6,5438.6,42072.9,-103150.5,-2614.7,12962.0,-137.8,23218.0,-17713.2,8338.0,46123.4,31644.8,35557.5,53522.3,-41227.9,90.4,49.5
22,-151063.3,9544.7,-270655.4,-1570.9,4577.6,29893.7,11648.1,-4043.8,21947.8,-1376.2,33201.1,-4559.1,10679.8,59146.4,34679.3,70223.5,47483.7,64655.1,90.6,49.5
23,-115278.0,14125.0,-229039.5,10256.0,10907.7,-63735.9,-11048.1,-3861.1,24893.6,-337.8,33011.7,-41499.4,27126.7,56476.1,2708.7,51527.6,50209.6,30503.0,90.4,49.5
24,-75022.4,20113.3,-180018.0,26575.7,19024.5,-143333.3,-9821.5,-6797.6,-36839.6,-3043.8,68420.8,-55616.4,117790.7,73285.9,-24031.3,75115.1,45779.0,48848.0,90.6,49.5
25,214735.7,130897.1,545269.9,138286.8,133276.0,-15710.5,4486.2,-5908.8,-148510.9,-719.2,32556.1,-61565.0,118933.8,31013.0,14200.5,16278.7,53703.8,53905.1,90.6,49.5
26,357078.2,132628.3,759702.3,119778.9,131127.6,83106.1,-109985.1,-671.5,-41545.8,4078.3,-1008.0,-62576.9,31369.3,6436.0,102149.1,2212.0,50873.2,-41038.5,90.6,49.5
27,396409.3,147846.0,690689.4,132901.1,141379.6,205765.8,-50323.5,11177.9,-3457.1,17437.7,9078.5,-48996.3,16886.7,6066.4,119649.0,3135.2,13482.6,-88298.3,90.6,49.5
28,274516.5,137325.1,246858.6,139902.7,134158.1,198511.3,-100934.5,16322.4,57710.5,22527.9,15261.4,-41271.6,19074.8,8372.5,103851.2,3090.2,-272.9,-127759.3,90.4,49.5
29,189487.2,129874.6,80680.9,145267.1,125584.3,196762.9,-1904.7,21571.6,116260.9,24844.5,19717.2,-42814.7,38593.3,11282.5,2781.6,7545.9,-1899.4,-38948.3,90.4,49.5
30,77086.0,56253.5,-25175.7,80859.7,20559.6,128189.7,85160.5,22014.0,233048.9,23902.8,20799.4,-48441.4,99953.0,14579.3,-30921.6,11248.1,21661.7,17474.8,90.1,49.5
31,-74537.6,1263.6,-162004.1,44021.3,14129.0,-5792.2,187778.5,29463.2,188114.9,24484.3,21212.6,-38254.3,144867.1,4692.9,-32856.7,5845.2,26541.3,-43034.6,90.1,49.5
32,-122671.7,-3835.9,-269644.8,63169.0,-6776.4,-125620.1,69402.3,12939.5,43069.0,14951.5,12385.8,-23643.2,39623.8,34207.8,-3386.9,37323.1,41755.0,-358386.9,90.1,49.8
33,-86654.6,15976.7,-9679.8,51952.7,6557.8,-129767.3,-69073.8,4794.9,-25255.2,4434.6,2398.8,-117788.1,57394.0,38409.2,-78231.8,46780.4,23690.9,6429.4,90.4,49.8
34,87275.8,3304.7,-183863.1,61945.1,2447.8,45772.4,-58033.7,7919.5,25574.4,8640.0,5090.2,-104785.0,-54699.8,3270.3,-149497.7,671.5,16584.7,224691.0,90.4,49.8
35,106620.8,10001.7,-257141.1,40686.1,8303.6,201470.3,134130.3,39939.1,258746.4,21798.1,20628.5,35884.6,-166750.0,-333.8,-87723.5,27779.7,27434.0,-202569.7,90.4,50.0
36,79900.7,10116.9,-144889.6,9718.2,8544.7,166323.5,187288.4,35305.8,294825.8,28889.7,23547.8,147354.6,-123846.5,44163.1,74993.2,48833.4,34699.2,-427406.4,90.6,50.0
37,-51830.9,23378.3,-225379.7,64177.0,21357.0,70128.2,183701.5,66929.4,179772.9,50408.3,34194.5,118128.5,120749.7,450.3,153854.2,2700.8,34407.8,-518788.3,90.6,50.3
38,-20327.8,9820.2,-222910.8,7715.5,8144.6,12387.2,36026.4,11686.5,57130.4,13396.5,13364.7,-6379.0,265827.5,12163.3,126597.6,10286.4,-8087.7,-175617.8,90.8,50.3
39,-74350.8,4598.8,-233214.4,9336.7,2639.8,-77251.6,-36646.3,4649.2,-43237.2,3847.8,6826.7,-87996.3,310293.9,23500.1,12303.7,20689.4,8171.1,165711.5,90.8,50.3
40,57249.6,762.9,-87352.6,24416.7,14381.9,-11214.9,-121111.3,3406.7,-62485.5,3069.0,4732.6,-155633.0,181942.5,60256.3,-106517.5,27010.2,16163.5,317000.0,90.8,50.3
41,2340.5,40544.4,58998.0,38227.8,62571.6,64082.9,-109513.6,2888.8,1087.5,44588.3,68377.1,-144434.0,117572.2,30556.0,-119810.6,17657.5,5768.4,439643.9,90.6,50.3
42,52747.5,51538.2,51885.2,-44596.2,56599.2,31528.2,-123617.4,46418.8,58025.8,66208.8,74121.7,-138404.6,38645.0,72088.5,-78207.9,23561.1,39859.6,776843.3,90.4,50.3
43,-64921.4,-86026.7,-578607.5,-128090.4,-74745.6,52335.5,-61602.1,61579.5,64483.0,53498.5,65439.3,-20461.6,-32884.5,18511.9,18374.1,11926.2,2241.1,684675.9,90.4,50.3
44,10.6,-7096.9,-76121.8,86681.1,8924.8,29132.1,17453.6,62939.9,52724.9,57798.0,66363.8,-1013.3,-70353.4,31938.8,37358.9,15184.6,14033.6,504597.1,90.4,50.3
45,52962.0,65936.0,157029.1,104337.3,63604.8,52135.5,-18870.8,57420.5,41974.9,56882.7,60677.5,-24659.1,-72096.5,12416.3,37165.5,13028.3,3873.0,25322.7,90.4,50.3
46,40931.2,43650.5,49612.3,31940.1,41552.4,50575.2,-110652.7,56039.0,-22267.0,53201.8,58102.6,-129965.9,-9139.4,65419.4,27973.1,58929.1,43030.6,-496796.8,90.4,50.5
47,146842.0,42319.3,66420.8,68134.7,31207.7,69638.1,-103135.9,51687.8,-63967.7,50600.4,53877.3,-16825.7,69569.2,56359.5,-10128.8,51033.5,50354.0,-463410.2,90.4,50.5
48,106875.1,44063.7,43414.7,44850.5,3601.4,71091.1,20727.8,58142.3,-62010.0,57411.2,59020.5,-49813.6,103412.7,54825.7,117105.9,54276.0,46760.5,-323298.3,90.4,50.7
49,14963.4,47870.5,-43017.3,-16058.8,40834.5,61856.4,11629.5,60545.1,266.2,60767.6,60656.3,-43422.6,116947.0,28133.4,69801.0,21665.6,14069.3,-683446.8,90.4,50.7
50,87241.3,49709.0,23804.8,-71054.0,42145.8,62769.0,8095.6,61261.7,57539.7,60648.4,60020.6,-62290.8,-20464.3,-31983.9,390.7,-56444.3,-14645.5,-957687.8,90.4,51.0
51,122800.1,42642.5,11222.9,-81131.2,20265.6,71185.2,24984.9,60378.2,69651.3,60301.4,58325.1,-3788.2,-299912.0,-63130.6,-73067.4,-66228.7,-81609.4,-1420687.4,90.4,51.0
52,13128.9,59048.3,-118423.8,24272.3,33476.6,548.4,-20673.5,66619.5,74368.1,65834.0,64729.3,-1895.4,-279023.9,8936.7,-88385.7,-15799.2,299.3,-757980.4,90.4,51.2
53,272.9,46924.8,-121847.8,52293.1,52128.9,48931.4,-37246.3,60754.4,59538.4,57624.4,60522.6,720.6,-122241.2,55215.1,-58888.1,57717.2,36773.4,203838.6,90.4,51.2
54,-93344.9,52019.0,-215456.2,45519.4,53148.8,-71092.5,-41471.6,62398.1,62758.4,59527.8,63023.3,2025.2,191401.1,53621.7,-10426.8,17906.6,51269.3,791166.9,90.4,51.5
55,-56639.0,65844.6,-207764.6,61905.4,57282.7,-85642.6,31379.9,68798.3,68140.0,69769.2,68900.3,-11807.0,290000.5,13147.5,-14758.1,6181.7,60743.8,512672.8,90.4,51.5
56,141688.2,10192.4,42272.9,-3420.0,3090.2,87421.5,8014.8,-8466.5,102157.1,34187.9,73231.6,-64309.4,-154068.7,11752.7,-83311.4,25763.8,17011.2,-134396.6,90.4,51.7
57,106326.7,55134.3,219207.4,137545.0,46776.4,51258.7,-96861.5,-2674.3,50163.3,13514.4,75648.9,-119017.2,-304838.0,31124.2,-171728.9,561.6,106459.2,-108296.3,90.4,51.9
58,116717.8,122861.1,63229.9,139782.2,24831.3,19261.6,-65041.9,-6927.4,62350.4,9424.2,74513.8,-199286.2,-480175.0,61449.7,-319258.4,4894.2,96850.9,-159626.5,90.6,52.2
59,122580.3,137816.5,55995.3,102175.6,113920.4,100249.7,-62339.8,18698.6,21334.5,26268.4,18587.4,-162730.0,-203200.2,58460.2,-197703.3,-996.1,36589.3,108688.4,90.6,52.2
60,23022.0,132261.4,17352.9,90510.3,119051.7,53462.7,-18905.3,27100.2,31067.3,70824.9,29316.2,-33644.8,61839.2,45092.9,-92974.0,4853.1,-8503.6,297076.2,90.6,52.2
61,23938.6,15103.8,-74401.2,35798.6,4883.6,34285.9,7042.6,8833.4,10534.1,7820.1,13114.3,-5797.5,156735.1,99802.0,-15125.0,21831.2,25669.7,393874.1,90.6,52.2
62,-71450.1,4479.6,-140914.7,52756.7,7208.2,57058.9,118133.8,6157.8,8119.5,2870.3,6539.3,69198.3,295094.7,151426.3,148187.8,67937.4,127538.1,427564.0,90.6,51.9
63,-29820.9,7233.4,-69292.4,9750.0,10160.6,12824.3,114018.4,9816.2,7555.2,7037.3,11018.9,154303.2,383340.0,149185.1,274917.8,90269.3,105171.7,275397.3,90.6,51.9
64,26518.8,5144.5,-53013.7,35335.0,8071.8,19465.6,42225.3,11992.5,7185.7,10278.5,11853.4,34340.2,286899.7,52849.5,166648.0,19236.4,12355.4,161551.1,90.6,51.9
65,143159.8,1321.9,-45058.5,48834.8,5016.1,98486.7,-26428.7,5898.2,7353.9,6485.0,7671.8,60129.2,255408.6,12850.8,176772.8,12755.4,11085.1,127791.0,90.6,52.2
66,142904.1,7294.3,-40927.2,3115.3,14367.4,38993.4,-18101.3,17284.0,25808.8,20084.1,19509.3,-42096.8,156343.0,56489.3,92911.7,40443.7,39165.6,2776.3,90.4,52.2
67,137066.8,13152.8,73121.7,3372.3,21572.9,21305.4,-12277.2,23856.4,27936.0,23876.3,25733.3,-49054.6,149207.7,45730.0,12302.4,8653.3,42878.3,-19311.9,90.4,52.4
68,65570.4,7138.0,84681.0,35348.2,14119.7,5666.4,-18527.8,17699.9,15155.5,14774.0,20325.2,-54844.2,66493.6,28509.6,-23481.6,18089.3,13217.7,-45748.6,90.1,52.2
69,22387.5,266.2,16273.4,50996.4,7270.4,-1535.2,-19531.8,19436.4,7548.6,12972.6,25900.2,-53629.6,11269.3,136734.4,27789.0,56641.6,25452.5,-24688.2,90.1,52.4
70,52683.9,5801.5,239543.1,18623.1,69582.5,32364.0,-3903.4,155066.1,11842.8,124281.0,178535.8,-46393.6,465201.0,271427.6,89507.6,255085.4,206592.4,886216.5,90.1,52.4
71,58982.1,72719.0,256228.5,70360.0,169063.9,32089.8,499739.9,416970.3,354201.3,417953.1,462118.8,1037979.2,3778267.1,559430.7,2390302.7,636937.9,239423.9,3850154.3,90.1,52.4
72,423134.7,62745.2,286724.8,148797.0,146879.1,559874.4,886041.6,-60251.0,822762.7,80781.5,10344.7,396174.9,-746897.9,-809882.8,-434413.2,-712055.7,-990910.1,-1745584.4,90.1,52.4
