工件号： 416测试
检测时间： 2018/4/16 15:21:26
测量长度： 44 灵敏度： 3
0,-5794.9,678.2,1347.1,-1937.8,1148.4,-22391.5,-4259.7,-1458.3,374.8,-936.5,1955.0,-7319.5,-2454.4,21529.2,38311.2,31891.1,12238.8,2543.1,89.4,54.4
1,13240.2,-3365.7,-2443.8,52445.5,-1843.8,13097.1,-5020.0,-2839.8,-94.0,-2953.7,12246.8,-12634.9,-1615.9,21591.5,28187.7,42413.3,11025.5,3912.7,89.6,54.6
2,-1684.8,-1789.5,2080.9,27916.2,-800.0,18122.5,-5396.2,-360.3,434.5,-562.9,-2010.7,-11399.1,981.5,-2080.9,-22971.6,-8119.5,-4658.4,4049.1,89.4,54.4
3,23747.8,-611.9,-307.3,32386.5,849.0,20094.7,19000.6,-172.2,30016.9,-1253.0,3194.8,-11822.9,-3520.6,-3957.7,53089.2,32401.1,3502.1,4635.9,89.4,54.4
4,-149.7,-241.1,47712.9,3475.6,-210.6,-62284.2,57635.0,-2662.3,-39356.3,17374.1,17331.7,66383.7,62900.1,-372.2,42802.8,-12633.5,-18220.5,22563.7,89.4,54.4
5,-74346.9,2454.4,29801.0,6474.4,2486.2,-81112.7,46259.8,-8138.0,-30766.6,40887.5,76574.8,54783.3,48099.6,5613.4,34856.8,-23288.2,-57979.4,63071.0,89.4,54.4
6,-73892.5,1902.1,-99408.6,15182.0,4728.6,3181.6,54352.8,-6200.2,-42884.9,9543.4,77339.0,55318.4,-70181.2,7085.0,-52824.3,7658.5,3814.7,-51397.8,89.4,54.4
7,42519.3,23284.2,-361875.7,67802.3,66652.6,36711.2,19311.9,1478.2,24524.0,1332.5,-221.2,39605.3,7900.9,-4042.5,7771.1,-7881.1,4809.4,-68950.7,89.4,54.6
8,134842.9,7265.1,95461.5,44292.9,12742.1,81299.4,136294.6,1744.4,114593.2,286.1,1005.3,-7691.6,47972.5,56078.7,42031.9,38054.3,5481.0,-9368.5,89.4,54.4
9,148247.4,45818.8,-379814.1,56268.1,64391.6,89367.2,135150.2,6405.5,206842.7,5375.0,5028.0,-3667.7,1303.4,229.1,28722.8,-25745.2,-14613.7,39588.1,89.4,54.6
10,62415.3,58678.8,-681407.0,-17858.9,61659.0,69272.5,135143.6,8972.5,234713.8,8726.1,6442.6,-21.2,24174.3,-362.9,-15666.8,-21554.4,-6496.9,18086.7,89.4,54.6
11,126230.7,54436.3,-582183.8,-47077.1,55771.4,88434.8,91083.8,9601.6,401017.4,8759.2,9371.2,7202.9,65600.9,-516.6,3560.4,13486.5,-12530.2,14082.6,89.4,54.6
12,105008.8,38560.2,176337.0,36484.7,45357.8,190424.9,121683.6,8852.0,383242.0,8759.2,9185.7,2009.3,22709.4,44696.9,-68834.1,51465.3,-12918.3,12966.0,89.6,54.6
13,28039.4,2209.3,380383.6,12771.3,5612.1,69397.0,9809.6,447.7,130175.2,1474.2,-1123.2,-7167.1,28110.9,71995.8,-11236.1,48867.9,443.7,134827.0,89.6,54.4
14,-18149.0,54376.7,408954.1,88197.7,57999.3,-91103.7,61807.4,48157.9,-42124.6,60708.0,73357.4,32675.3,104436.6,63685.6,-749.7,43410.7,-43104.8,152668.7,89.6,54.4
15,16295.9,145759.9,1361563.6,195549.6,146548.0,-112871.3,2896.8,62425.9,-139702.7,70836.8,71342.8,60812.6,129103.7,51383.2,2820.0,35164.1,-121873.0,188871.2,89.6,54.4
16,-52417.7,59470.9,666218.4,122459.7,44339.2,-200463.7,-70353.4,61474.9,-255217.8,64206.1,59641.7,53658.8,151953.4,44912.8,9392.4,34777.3,-130542.1,141498.8,89.6,54.4
17,-53147.5,-1721.9,-118259.6,46135.3,11568.6,-166173.8,-78404.0,55555.5,-146320.1,65049.9,68428.8,50776.5,98154.3,49395.0,-9122.2,37312.5,-95281.3,66513.5,89.6,54.4
18,-77476.8,64187.6,-557077.0,59635.1,65702.9,-54691.9,-83182.9,67383.7,-126833.4,75422.4,69801.0,54640.2,34829.0,59212.6,-17261.5,40087.4,-23060.4,70353.4,89.6,54.4
19,-34777.3,56776.7,-1021123.0,45282.3,60761.0,-11975.2,-61358.3,-3581.6,-41049.1,86.1,73452.8,58351.6,137835.1,59523.9,-9087.7,44339.2,-15448.2,188393.1,89.6,54.4
20,-132661.4,-63673.7,-1425361.7,-90718.3,-57885.4,-58833.8,59770.2,1180.2,44639.9,55869.4,73629.0,-4180.3,133556.8,24611.4,-2279.5,-13605.8,-31814.3,211366.0,89.4,54.4
21,-178643.1,20041.7,-1287896.2,-46585.7,14245.5,-97171.5,1965.6,-6082.3,40344.4,-3430.6,73525.6,7772.4,145828.7,36811.8,6976.4,11658.7,-21608.7,220202.1,89.4,54.4
22,-66883.0,102586.2,97448.3,110091.1,101106.7,-104853.8,1217.3,-1438.5,-48220.2,5041.2,6841.3,10007.0,130134.2,10282.5,7349.9,-17397.9,-26501.6,100631.2,89.4,54.6
23,136660.2,96915.8,1188880.9,238940.5,93068.0,-74002.5,56778.1,728.5,-84825.4,6813.5,2478.2,12552.7,25333.3,574.9,54053.5,-26971.8,-24496.2,17250.9,89.6,54.6
24,287000.4,93883.9,743674.0,226765.2,100848.4,55129.0,44116.7,7651.9,-72483.2,11683.8,2757.7,17770.1,10167.2,4214.7,10246.7,-24037.9,-63032.6,36831.7,89.6,54.6
25,298661.7,155346.9,359119.3,94375.4,147708.3,140629.9,58843.0,13738.2,-72215.7,17290.6,8686.4,15168.7,67235.4,11695.8,-5156.5,-20203.3,-49547.4,-66055.2,89.6,54.6
26,298888.2,142163.7,217126.5,114940.3,133207.1,222118.7,24297.5,22375.6,25635.3,34380.0,17911.9,18350.3,18329.1,21440.5,-9371.2,-21840.5,-40374.9,-65624.7,89.6,54.8
27,179761.0,134343.6,210370.0,14077.3,103320.0,214815.2,38582.8,38843.7,123984.3,55890.6,23195.5,10979.2,8344.7,7294.3,-16221.7,-20318.6,-54086.6,-77815.9,89.9,54.8
28,54992.6,119198.7,80401.4,2247.8,30541.4,115316.5,154801.2,122873.0,204539.3,127661.2,30281.8,2302.1,-3824.0,7694.3,27538.7,-19127.8,-51217.6,-120755.0,89.6,54.6
29,-132379.3,29442.0,-130787.2,63260.4,41517.9,-33344.2,50999.1,60628.5,109659.3,63947.8,19764.9,32885.9,-53868.0,18386.0,-31798.4,1176.2,-50244.1,-333299.9,89.6,54.6
30,-101619.3,53207.1,207392.4,91514.3,87932.8,-81536.5,-48637.4,40180.2,-48652.0,41770.9,17046.9,-71553.4,-56231.0,18747.6,-38667.5,-1516.6,-44609.4,-124559.1,89.9,54.8
31,160633.2,5755.2,18739.7,26867.1,20100.0,101255.1,13903.8,13438.9,111169.3,13812.4,9200.3,-16668.1,-62210.0,19844.4,-60972.9,-18759.6,-48270.5,-61917.3,89.6,54.8
32,196245.0,9324.8,-186275.1,30321.5,11856.0,243710.2,216341.0,20717.3,300777.0,21631.2,18790.0,122547.2,-132862.7,13077.3,-55435.0,-20531.8,-38600.0,-69922.9,89.6,54.8
33,86432.0,8976.5,-314781.4,16588.6,6504.9,178555.7,192262.1,28762.6,291461.4,22815.3,21312.0,160511.3,-100640.5,23198.1,81631.9,-18167.5,-44907.5,32419.6,89.6,54.8
34,-63626.0,276.8,-391260.8,45265.1,13384.6,59995.4,166683.7,20505.3,162051.8,16150.2,18008.6,124242.6,37568.1,21665.6,71921.6,-8691.7,-48000.3,43012.0,89.6,54.8
35,-29685.8,10090.4,-375933.1,39144.4,69374.5,-37256.9,59771.5,13264.0,42789.5,9373.8,11825.6,44912.8,108109.6,21211.3,101406.1,-9486.4,-48469.2,51836.2,89.9,55.1
36,-55774.1,65967.8,-253733.0,63002.1,62514.7,-98162.2,-9340.7,-1882.2,-40823.9,-4299.5,-419.9,4979.0,181689.5,22155.7,7437.3,-9360.6,-47898.3,89728.8,89.9,55.1
37,-74374.7,57674.8,-93111.7,-52466.7,60115.9,-76717.8,-88961.9,-5655.8,-88796.4,66921.5,-3804.1,-82433.2,251193.9,18352.9,-529.8,-10014.9,-48106.2,148631.5,89.6,54.8
38,44188.2,13771.3,-37562.8,-54627.0,32052.7,-85467.8,-37596.0,20681.5,-79158.9,68959.9,74772.0,-83389.6,201711.4,25553.2,46029.4,-11245.4,-40959.0,125208.2,89.6,54.8
39,17035.0,-78409.3,-483555.3,-83017.4,-69065.9,-62722.6,-54887.9,64771.7,-68781.1,58284.1,66018.1,-79411.9,228880.5,23520.0,48061.2,-14236.2,-43278.3,178068.2,89.9,55.1
40,48213.5,-6938.0,-629309.9,-26182.3,20798.0,28842.0,-81422.6,67288.3,-58200.6,61880.2,67804.9,-46506.2,231711.1,15927.7,18511.9,-15354.2,-48666.5,71312.3,89.9,55.1
41,102457.7,23109.4,160121.9,107394.3,25816.8,91298.4,7324.7,70730.8,47780.4,66967.8,71352.1,44983.0,178840.4,11972.6,-18392.7,-18163.5,-51430.9,66134.7,89.6,55.1
42,121131.2,9347.3,596712.7,154423.7,11373.9,76622.4,66300.2,69125.5,59914.6,66158.5,69277.8,58921.2,105010.1,11124.9,-12571.3,-15333.0,-52985.9,296472.2,89.6,55.3
43,24284.3,31998.4,172472.0,86495.6,48645.3,-2515.3,34001.1,69656.6,68003.6,67302.9,70287.1,63992.9,94466.7,11146.1,-9442.7,-13825.6,-53793.9,609143.6,89.6,55.3
44,61239.1,56060.2,63029.9,22493.5,57550.3,51569.9,55468.1,65154.5,53482.6,62285.5,66136.0,55042.9,-1977.5,5290.2,7258.5,-15093.2,-34621.0,365641.4,89.4,55.6
45,17130.4,48605.6,102675.0,62958.4,41777.6,45194.9,39890.1,66889.7,-1528.5,63333.3,65888.3,60551.7,-119037.1,120849.1,33644.8,21538.5,-29318.9,-328049.4,89.4,56.1
46,6838.6,-22014.0,173166.1,-73447.5,-57374.1,-22962.4,42682.2,64890.9,-39584.1,58954.3,62244.5,4673.0,-142222.0,10662.6,45699.5,-24518.7,-65653.9,-404716.9,89.4,56.1
47,1156.3,-16237.6,73521.7,-72827.6,-48685.1,-84200.2,73228.9,65800.9,51832.2,63943.9,64755.8,77221.1,-164326.0,56686.7,-1368.3,27338.7,-1414.6,-350580.0,89.4,56.3
48,65375.7,-56331.7,-51801.7,-14236.2,-57847.0,-91860.0,41731.2,60998.1,64934.6,58796.7,61306.7,12380.5,-291596.5,67428.8,-28851.3,27587.7,11037.5,-497742.5,89.4,56.3
49,28492.3,-59472.2,122515.4,-38153.6,-33966.7,-18163.5,14473.3,56143.6,70058.0,53599.1,56537.0,51987.2,-497455.1,57494.6,-148092.4,16762.2,7840.0,-469036.9,89.4,56.5
50,131028.2,3157.7,114031.6,-7833.4,58239.0,14546.2,48943.4,55375.4,370.9,51671.9,55417.8,50960.6,-414176.8,56899.9,-162984.3,24275.0,10560.6,-138829.8,89.4,56.8
51,10475.8,47261.2,-34769.4,49069.2,65583.7,31975.9,47907.6,60815.3,22565.0,56922.4,61146.4,21783.5,-75546.9,19564.9,-79539.1,10755.3,-44692.9,362363.1,89.4,57.0
52,6870.4,42131.2,-125495.6,55400.5,43971.0,35928.4,13619.0,63656.4,6465.1,62455.1,64296.2,44736.6,248935.5,31062.0,39655.6,-5512.8,-30422.2,303280.4,89.4,57.3
53,-33685.9,59741.1,-310542.9,66488.3,54852.2,37658.2,8057.2,26395.6,3789.5,60017.9,70084.5,66138.6,291474.7,8556.6,129392.4,-176.2,-30692.4,-330701.2,89.4,57.5
54,-48510.2,62196.8,-198433.1,70877.9,66665.8,39822.5,70032.8,-6177.7,3702.1,9555.3,77116.5,-13132.9,173600.5,59370.2,115748.3,39698.0,-757.6,-538384.9,89.4,57.7
55,21066.9,6459.8,-97346.3,74878.0,62875.0,19909.3,67325.4,-3200.1,2242.5,55571.4,73708.4,64106.8,84316.7,69487.1,-1392.1,46743.3,744.4,-920.6,89.4,58.2
56,101425.9,6262.5,-5670.4,41704.7,749.7,92283.9,67561.2,-5854.5,23943.8,10996.4,65959.8,52530.2,103129.3,3165.7,13902.5,-24261.7,9351.3,496645.8,89.2,58.5
57,10242.7,51428.2,-477453.1,-36352.2,58619.2,5514.1,55662.8,-4471.7,12420.3,27473.8,47131.4,40613.3,67765.2,6008.1,16787.3,-14338.2,-55299.9,669026.4,89.2,58.5
58,18583.4,74809.1,107673.8,79274.2,56453.5,-7171.1,-4563.1,4730.0,38427.8,5573.7,972.2,-28088.4,44657.1,21255.0,-86618.8,-7095.6,-52626.9,664613.0,89.2,58.7
59,22399.4,109622.2,601179.1,174605.9,149369.2,-8589.7,-85706.2,5171.0,-21138.5,7651.9,278.2,-64849.9,60868.3,104283.0,-62690.8,-552.3,-41918.0,520123.4,89.4,59.0
60,22414.0,158517.9,249915.7,111948.1,148552.0,47708.9,-72244.8,11049.4,64739.9,14717.0,5763.1,-76341.6,103720.0,12887.8,-54317.1,-17525.1,-13864.0,305224.8,89.4,59.2
61,15114.4,143737.3,321111.4,119574.9,104990.3,89726.2,-37002.6,-2033.2,55144.9,-368.2,55036.3,-104396.9,120749.7,59599.4,-52417.7,36382.7,1870.3,121245.1,89.2,59.4
62,23648.5,10870.6,186321.5,43182.9,15231.0,23943.8,-34590.6,-3604.1,51135.5,1990.8,62917.3,-42556.4,133631.0,2541.8,-28067.2,-21808.7,-38802.6,17261.5,88.9,59.4
63,50625.5,23853.8,-319948.5,115103.2,15547.5,35941.6,71158.7,3006.7,12581.9,5463.8,3912.7,73621.0,243785.7,25742.6,88882.5,23546.5,10274.5,47940.7,88.9,59.7
64,62820.7,17183.4,-529787.3,16858.8,17570.1,58028.4,95788.6,16311.8,130127.5,18921.2,13489.2,96048.3,234290.0,30871.2,141888.2,17926.4,9038.7,32228.9,88.9,59.7
65,67871.2,15550.2,-645144.8,3488.9,17531.7,22478.9,110730.9,21302.7,134485.3,24770.4,19366.2,191893.9,120043.8,70325.5,181334.6,51638.8,3394.8,-78667.5,88.9,59.9
66,16401.9,12706.4,-523465.2,3802.8,16820.4,-16217.8,91679.9,22912.0,127735.4,23280.3,18424.5,92951.5,94082.6,74082.0,92037.5,53295.8,3057.1,-27970.5,88.9,60.2
67,18444.3,17684.0,-284138.0,4345.8,23983.6,-2759.0,150440.8,25004.8,113602.5,25710.8,21391.4,143820.7,45822.7,72063.3,83847.8,43782.9,3234.5,-119495.4,88.9,60.2
68,99938.5,33007.7,22923.9,13850.8,44724.7,6200.2,110688.5,32138.8,31273.9,27937.4,24737.3,89634.8,-3560.4,72887.2,-6491.6,32854.1,1715.3,-62012.7,88.9,60.2
69,124666.4,121882.2,339872.3,21584.8,50658.7,2928.6,23334.6,26049.9,22853.7,27525.4,23684.2,12256.0,46663.8,65747.9,-12819.0,-22358.4,3971.0,-61223.2,88.9,60.2
70,129905.0,126834.7,528023.0,26139.9,64534.6,3373.6,15823.0,38313.9,19016.5,40570.9,24485.6,16025.7,65835.3,63604.8,37459.5,-24065.7,-3443.8,51053.4,88.9,60.2
71,97595.3,106072.4,418037.9,110675.2,122780.3,118919.2,139980.9,120720.6,79404.0,133878.7,131343.5,172242.9,626871.4,66194.3,360237.2,45821.4,-79721.9,834033.3,88.7,60.2
