工件号： 417测试
检测时间： 2018/4/17 9:44:35
测量长度： 54 灵敏度： 3
0,756.3,1045.1,28752.0,6489.0,1159.0,-8187.0,44051.8,-182.8,-1917.9,784.1,-312.6,30254.0,-2952.4,-711.3,49569.9,-5498.2,19535.8,-4887.6,82.6,55.8
1,2904.7,-123.2,9571.2,4312.7,1721.9,-9583.1,22912.0,-3959.1,-1425.2,-4205.4,-3621.3,-26161.1,-961.6,-3568.3,28624.8,8372.5,39769.5,-4239.9,82.9,55.8
2,3635.9,2121.9,13779.3,6286.3,3438.5,-9914.2,7943.3,-842.4,-1194.7,-1772.2,-593.4,-20035.1,-2466.3,-1487.5,43820.0,-6889.0,10656.0,-186.8,82.9,55.8
3,4523.3,-3941.9,27109.5,-602.7,1202.7,-6222.7,-8732.7,-6012.1,-808.0,22710.7,22657.7,-43316.7,4420.0,4559.1,-6330.0,37772.1,40649.0,8273.1,82.6,55.8
4,3759.1,-1659.7,19517.2,6156.5,-2540.5,-7131.4,-9633.4,7266.5,9142.0,40463.6,46694.3,-42217.3,1344.4,59979.5,2564.3,68738.7,29985.1,4386.9,82.9,55.8
5,32062.0,62750.4,-7951.3,66120.1,51217.6,17552.9,31790.5,59865.6,75152.2,56439.0,62942.5,-13056.1,26730.7,52285.2,55559.5,52404.4,-10436.1,2061.0,82.9,55.8
6,68493.7,62606.1,-2598.8,52095.8,70065.9,56310.5,62394.1,60738.5,71599.8,60028.5,65859.2,6951.2,44216.1,57061.5,49783.1,52350.1,17580.7,-51654.7,82.9,55.8
7,67508.2,28280.4,-26834.0,42349.8,30145.4,63388.9,62478.9,20761.0,56750.2,23486.9,40541.8,13266.7,43610.7,24641.9,54191.2,35904.5,-8965.9,-53589.9,82.6,56.1
8,13139.5,31754.7,26645.9,39336.4,34577.3,-525.8,18742.4,21003.4,8965.9,30757.3,35844.9,-22665.7,29710.9,35644.9,43957.8,30569.2,5163.1,43651.8,82.6,56.1
9,53532.9,28646.0,-78446.3,4870.4,55902.5,47560.5,44312.7,27599.6,64881.6,32273.9,42793.5,-53895.8,-52020.3,29912.3,-49828.2,35545.6,-3257.1,149036.8,82.6,56.1
10,24317.4,29173.2,-22126.6,32270.0,35819.7,16674.7,32338.8,24430.0,20890.8,34185.3,49486.4,7168.5,30272.5,24347.8,43495.5,25550.5,23186.2,122169.7,82.6,56.1
11,54416.4,55959.5,-101361.0,7364.5,63767.7,6075.7,39635.8,56240.3,53175.3,56974.1,61562.3,8357.9,-6890.3,7263.8,4477.0,14008.4,11682.5,-473723.2,82.6,56.1
12,73565.4,56429.7,-104052.5,-20384.8,59525.2,47324.8,-6861.2,65628.7,-472.9,64873.7,69606.3,-36927.1,17876.1,49311.6,61608.7,49569.9,24510.8,-224234.0,82.6,56.1
13,15097.2,25647.2,30150.7,58260.2,32476.6,-9265.2,-361.6,17133.0,6038.6,22241.8,40710.0,-39755.0,76373.4,47112.8,18825.8,47834.7,13975.3,57205.9,82.6,56.1
14,33144.2,1626.5,44373.7,43110.1,3969.7,28246.0,7128.7,-653.0,12181.9,555.0,46724.7,-30986.5,148858.0,23475.0,37667.5,21505.4,-22509.4,164514.1,82.6,56.1
15,20561.0,78802.6,63788.9,80231.8,26404.9,6504.9,8516.8,18003.3,20146.4,18960.9,14458.8,-21002.0,112288.5,9609.6,86193.6,10257.3,29438.1,263496.3,82.6,56.1
16,56685.3,48319.5,-88561.9,13739.5,48026.8,44348.5,53759.4,47704.9,52368.6,27434.0,61165.0,9935.4,38431.8,57809.9,51909.0,54351.5,-48628.1,142757.1,82.4,56.1
17,123508.8,-5650.5,110430.2,2414.7,9172.5,59722.5,20033.8,34108.4,42231.9,30640.8,54061.4,2678.2,-25370.4,52128.9,22232.5,40094.1,-53005.8,-10973.9,82.4,56.1
18,138215.2,-1976.2,127168.5,5907.5,20363.6,120777.6,51742.1,32333.5,19592.7,16653.5,35402.5,-35878.0,-53359.4,6261.1,-28036.7,15464.1,-19843.0,-84278.3,82.1,56.1
19,46547.3,57276.1,10138.1,25456.5,66224.7,32338.8,58292.0,56617.8,35185.3,60606.0,66049.9,15889.3,29367.9,32791.8,61125.2,56476.1,-20558.3,54250.8,81.9,56.1
20,-1408.0,26389.0,-682.1,48908.9,47981.7,31659.3,64000.8,21828.5,54605.8,47311.5,40733.8,25912.1,34664.7,39663.6,45478.3,28065.8,-92687.9,66216.8,81.9,56.1
21,-21950.4,-17057.5,-132858.8,-903.3,-6720.8,-23325.3,1039.8,16852.2,71360.0,17521.1,34038.2,-26830.0,10716.9,13158.1,19049.6,31390.5,19617.9,62902.8,81.9,56.3
22,45522.1,28802.3,76161.5,9754.0,36131.0,40710.0,59315.9,58567.5,70345.4,58762.2,66047.2,-47792.3,15962.1,61319.9,560.3,63718.7,14744.9,146818.2,81.7,56.3
23,58051.0,18591.4,203788.3,16246.9,17658.9,60606.0,58228.4,62407.4,61922.6,62449.8,64441.9,19651.0,16415.1,55033.6,54024.3,59649.7,-44364.4,169342.1,81.7,56.5
24,62271.0,24766.4,-123681.0,26774.4,30899.0,58542.4,55974.1,14989.9,69281.8,35875.4,70642.1,15568.7,10787.1,62779.6,64791.6,26961.2,10301.0,114251.5,81.4,56.3
25,66064.5,48453.3,-95809.8,34610.4,54358.1,9479.8,56640.3,57721.1,62496.1,57395.3,62649.8,15535.6,8205.6,49524.8,64007.4,56142.3,-48675.8,111839.5,81.4,56.3
26,18929.1,19726.5,-58764.9,19947.7,30185.1,5793.6,15560.8,16599.2,17543.6,17432.4,31109.7,-29899.0,30983.8,17347.6,5715.4,12417.6,35995.9,106807.6,81.4,56.5
27,22999.4,51330.2,-154296.6,48792.4,58326.5,42058.4,59198.0,50519.6,69607.6,51604.4,54995.2,-25064.4,52056.1,63158.4,13257.4,61837.8,-3479.6,132932.9,81.7,56.5
28,62692.2,29391.7,-38490.0,38419.8,47804.3,54824.4,35777.4,24231.3,70431.5,23533.2,36344.3,-26763.8,56648.3,24182.3,18325.1,41753.7,-69673.9,108318.9,81.7,56.5
29,39544.4,42.4,-123165.7,-5515.4,12695.8,23894.8,14351.5,19563.6,18676.1,26938.7,32859.4,14215.0,13887.9,6123.4,46339.3,39337.7,-4895.5,4168.4,81.7,56.5
30,17089.3,3360.4,35203.8,42948.5,864.9,-54197.8,58262.9,19937.1,5160.4,55386.0,65439.3,-46996.3,14831.0,42993.5,17468.1,66977.1,15056.1,11673.2,81.7,56.5
31,110777.2,128421.5,379198.1,133213.7,91315.6,72336.2,38748.3,16876.1,14731.6,12705.1,15044.2,1025.2,71152.1,12352.7,29182.4,5318.1,-6405.5,65045.9,81.7,56.8
32,106453.9,28220.8,-36988.0,42790.8,30673.9,2594.8,7936.7,1213.3,13065.3,34418.4,58379.4,-16329.0,66810.2,48278.4,56281.4,60445.7,13619.0,61104.0,81.7,56.8
33,19286.7,28496.3,-1110.0,50720.9,31312.3,53274.6,7998.9,25733.3,37956.2,30897.7,30655.3,-39702.0,56662.8,22827.3,23566.4,29260.6,9499.7,-46327.4,81.9,57.0
34,26354.5,19807.3,-10155.3,63512.1,21890.8,67276.4,21125.2,10442.7,20353.0,3914.0,13156.7,-9314.2,20510.6,25079.0,173.5,14184.6,-6047.9,-97665.5,82.1,57.0
35,64604.8,-1013.3,25998.2,57039.0,-2531.2,57958.2,45429.3,12232.2,34846.2,12415.0,21020.6,15118.4,30802.4,123568.4,18896.0,86949.9,62906.7,-59562.3,81.9,56.8
36,-43736.6,22694.8,-38066.2,38312.5,7682.4,40018.6,-12289.2,4373.7,76313.8,30926.9,20451.0,-90669.3,15931.7,146721.5,-62116.0,74591.9,103513.4,-30156.0,82.1,57.3
37,109189.1,6667.8,197695.4,14653.5,8248.0,15036.3,-124907.5,21200.7,50465.3,53776.6,56156.9,-170903.7,-77056.9,148492.4,-88918.2,39458.3,86743.3,15297.2,81.9,57.3
38,7882.4,-4928.6,-119598.7,9932.8,-4333.9,41556.4,32054.1,3879.6,56744.9,755.0,6916.8,-20037.8,2518.0,141975.6,39421.2,80512.6,5417.4,-81582.9,81.9,57.3
39,-34908.5,3712.7,-89516.9,12570.0,5628.0,3686.2,106603.6,13739.5,65202.2,10101.0,13576.6,10434.8,15756.8,135122.4,29394.4,51750.1,103978.3,18372.8,82.1,57.3
40,-28651.3,-23624.6,-178130.5,-29120.2,-16432.3,-47442.7,-27075.1,2830.6,-45069.1,7768.5,-4829.3,6813.5,18454.9,1434.5,20334.5,-9422.8,-42108.7,120027.9,82.1,57.3
41,-17394.0,-83900.8,-158646.4,-72402.4,-73517.7,-30422.2,-82910.1,-29618.2,-14110.4,-42731.2,-40459.6,7802.9,2606.7,-55356.8,16523.7,-73227.6,-78368.2,162001.5,82.1,57.3
42,-22799.4,-8735.4,-80838.5,-53364.7,-43445.2,-33634.2,-40030.5,-16368.8,-32226.2,-13547.5,-17505.2,-10505.0,5002.8,-65240.6,36335.0,-71738.8,-64677.7,31280.5,82.1,57.3
43,-91756.7,-50560.6,-134645.6,-49012.2,-46948.6,-54481.3,-63253.8,-43288.9,-56688.0,-40276.8,-26084.3,-114695.2,-32403.7,-115520.4,-71393.1,-93219.0,-163096.9,49883.8,82.4,57.7
44,-125236.0,-56570.1,-161997.5,-48379.1,-50677.2,-120364.3,-64498.9,-36790.6,-110655.4,-59117.2,-22694.8,-116252.9,-36499.2,-39053.0,-80258.3,-41286.2,-156271.5,40977.5,82.4,57.5
45,5838.6,30740.1,-60988.8,31346.7,13694.5,13005.7,-74174.7,13138.2,-54653.5,22182.2,15081.3,-103893.6,38006.6,35357.5,-13482.6,28104.3,-20847.1,143320.0,82.4,58.0
46,54150.2,49175.2,-16731.7,42298.1,36790.6,31666.0,-18556.9,44577.7,-1378.9,38834.4,41655.7,-53438.9,43577.6,-5483.6,16309.2,37241.0,-57330.4,-89987.1,82.4,58.0
47,48824.2,76423.8,-67415.5,46548.6,41429.2,37965.5,28155.9,12264.0,49165.9,13042.8,40959.0,4445.2,109609.0,58729.1,112864.7,45168.4,-1194.7,164961.8,82.6,58.2
48,80841.1,68680.4,25615.4,83924.7,70205.0,68444.7,116484.7,64416.7,103428.6,63591.5,80055.7,90530.2,106828.7,82589.5,142138.5,67981.1,41516.6,129638.8,82.4,58.5
49,128543.4,167563.2,70654.0,101347.8,101308.0,90959.3,98011.2,154255.5,147053.9,104806.2,102509.4,51256.0,152483.3,104778.3,149862.0,124140.6,98947.7,107704.3,82.4,58.5
50,187634.1,219186.2,90369.9,109227.5,141323.9,98239.1,93938.3,215313.2,217788.8,162247.8,115176.0,44997.5,135966.2,151195.8,143400.8,98244.4,144994.3,5449.2,82.6,58.7
