工件号： 417测试
检测时间： 2018/4/17 9:11:12
测量长度： 54 灵敏度： 3
0,4553.8,-6.6,-61522.6,6159.1,-635.8,25379.7,-21072.2,3741.8,-16362.1,2435.8,-20541.1,-25623.4,895.4,-2846.5,-2054.4,-5704.8,10326.2,-149.7,89.9,57.3
1,4902.2,1623.9,-40143.1,-16645.6,-140.4,30846.1,-22525.3,3739.2,-17237.7,2443.8,-20982.2,-36492.6,2716.6,-1535.2,-28546.7,-9507.6,-4555.1,1492.8,89.9,57.3
2,55509.1,129.8,-44209.4,-16305.2,6.6,30741.4,17078.7,484.8,33744.2,4608.1,2967.0,18889.4,6641.3,68247.3,-33199.8,50056.0,500.7,9395.0,89.9,57.3
3,38511.2,15503.8,-5755.2,25668.4,37003.9,-5804.2,56767.5,1019.9,49845.4,47947.3,57478.7,39920.5,12015.0,66966.5,-63676.3,65390.3,-9646.7,20730.5,89.9,57.3
4,31378.5,-2193.5,-110544.1,-1461.0,-3944.5,-59798.0,51585.8,-2692.8,42508.7,23169.0,36251.5,42394.8,17078.7,70936.2,-60300.0,66456.5,-11306.3,22212.7,89.6,57.3
5,27623.4,-1221.2,-83761.8,9103.6,4711.4,-101214.0,45058.5,-4646.5,36419.8,1212.0,56852.2,41327.2,20796.7,70084.5,-59219.2,64938.6,-15448.2,12857.4,89.6,57.3
6,49450.7,111.3,-142033.9,-1507.3,1968.3,16868.1,49809.6,-846.4,50086.4,-1043.7,37847.6,34576.0,14766.1,67704.3,-52136.8,68007.6,-5706.2,-1113.9,89.6,57.3
7,42798.8,41847.8,-182802.2,34515.1,63229.9,19564.9,47957.9,21327.9,53195.2,38030.4,46010.8,18694.7,19853.6,65043.2,-62644.5,61525.2,-16127.7,26389.0,89.6,57.3
8,50656.0,42503.4,-268624.9,16262.8,65255.2,-4087.6,47185.7,34876.7,31413.0,52152.7,54966.1,40137.8,38684.7,58359.6,-59260.3,59423.2,-32378.6,131340.8,89.9,57.3
9,9403.0,7935.4,-285792.4,7536.7,24971.7,81831.9,30272.5,-3479.6,-3726.0,-2552.4,52506.4,-14789.9,41969.6,46565.8,-58088.0,52079.9,-3016.0,104816.8,89.9,57.3
10,24369.0,62396.8,-345660.6,-45899.6,60280.2,-15490.6,-18684.1,-434.5,5698.2,-2035.8,7372.4,-31199.7,17061.5,-2360.3,-63979.6,30953.4,-21557.0,115668.8,89.9,57.3
11,-56995.3,-52130.2,-762049.4,-162182.9,-47298.3,22474.9,-14831.0,1902.1,3694.2,4288.9,-21559.7,-29215.5,25116.1,-2744.5,-61649.8,-9034.7,-40078.2,94436.3,89.9,57.3
12,-87059.9,45850.5,-862519.0,-6318.1,65020.7,10756.7,-11905.0,5466.4,6900.9,4080.9,-18293.3,-31250.1,76115.1,16833.7,-53755.4,-7225.4,-35675.4,111209.0,89.9,57.3
13,-201617.4,73855.5,-251531.6,67565.2,75916.5,-66513.5,4519.4,2535.2,9523.5,4906.1,-16147.6,-22700.1,153076.7,45613.5,-38642.4,51826.9,-27761.2,181941.2,89.9,57.3
14,-122098.1,126883.7,1248445.9,144453.9,135476.1,-79663.6,-3303.4,6601.5,24280.3,10083.8,-19586.1,-24113.4,127963.2,69430.1,-45343.2,68357.3,-7210.8,95350.2,89.6,57.3
15,-24268.4,93366.0,1880762.4,221782.3,91739.5,-54813.8,-6091.6,8144.6,-9322.2,11482.5,-17954.2,-25755.8,36519.1,70272.6,-46111.5,29877.8,1235.8,23652.4,89.6,57.3
16,81374.9,90294.4,1058632.9,218363.6,105108.2,-102073.6,53740.9,10111.6,-88763.2,13313.0,-16809.8,-19304.0,14048.2,29807.6,-45955.2,291.4,6404.2,64679.0,89.6,57.3
17,177862.9,149352.0,-74850.2,143243.2,143310.8,-31716.3,50494.4,6392.3,-39521.9,9768.5,-20775.5,-11290.4,18707.9,-2013.3,-46328.7,-10524.9,5335.3,53254.8,89.9,57.3
18,275136.4,136795.3,-425034.1,101867.0,78988.1,15411.1,2107.4,7746.0,-39312.6,9494.4,-19178.1,-5832.0,70732.2,8444.0,-50984.5,-6561.8,-65571.7,23851.1,89.9,57.3
19,295734.4,45127.3,-420721.4,64502.8,14166.0,106249.9,-11507.7,5588.3,-50309.0,9563.2,-20417.9,20572.9,62296.1,32284.5,-53472.0,18078.8,-43874.3,-63828.6,89.9,57.0
20,210828.3,14914.4,-192781.3,45983.0,6365.8,85922.1,-5602.8,10054.6,-1294.1,10613.6,-16633.7,-12265.3,63027.3,10079.8,-62688.2,-6942.0,-56648.3,-75027.7,89.9,57.0
21,129421.6,16415.1,-51025.6,46919.5,9836.1,115618.4,1004.0,13815.0,71715.0,14181.9,-13089.2,-21153.0,32217.0,8059.9,-58799.3,17374.1,-48262.5,-57363.5,89.9,57.0
22,20737.1,8506.2,-31108.3,36231.7,6620.1,138588.8,92013.7,16360.8,182282.9,16025.7,-10723.5,-22533.2,14550.2,17934.4,-23531.9,-6012.1,-56567.5,-65143.9,89.9,57.3
23,-96270.8,5987.0,-147477.8,41992.1,6939.3,47275.8,43602.8,20399.4,175007.2,20990.1,-5979.0,-7977.8,-114946.9,19278.8,-8808.2,65125.4,-34178.6,-206528.8,89.6,57.3
24,-266619.5,16787.3,-105418.1,58296.0,66310.8,-132864.1,-13438.9,19689.4,-4612.1,18273.5,-8757.9,-24243.2,-126670.5,14739.6,-120198.7,-12348.8,-81068.9,-279280.9,89.6,57.0
25,-149846.1,3127.3,24588.9,21199.4,15820.4,-108234.1,-34976.0,11052.0,-92135.5,9048.0,-17155.5,-100929.2,-8580.4,17031.0,-137375.5,16661.5,-57829.8,-136101.3,89.6,57.0
26,37398.6,906.0,74738.9,-10356.6,4912.7,-23926.6,-64596.9,6918.1,-41925.9,4469.0,-18176.8,-115725.7,23886.9,7918.1,-145669.8,-4075.6,-63696.2,8661.2,89.6,57.3
27,200782.9,-1643.8,60408.6,-9494.4,867.6,85708.8,14677.3,6620.1,22082.9,3741.8,-17246.9,-60509.3,46849.3,7477.1,-131282.5,-258.3,-63783.6,120014.6,89.6,57.3
28,184173.1,8768.5,-47034.7,24702.8,46156.5,138882.8,48616.2,6810.8,106533.4,5120.7,-15012.4,23755.8,26081.7,6259.8,-123910.1,-1453.0,-66448.6,159784.2,89.9,57.3
29,175105.2,-5487.6,-10008.3,57062.8,20571.6,191550.8,103892.2,10486.4,192123.0,8576.4,-12759.4,-2062.3,-54533.0,5078.3,-110846.1,-4711.4,-53819.0,141574.3,89.6,57.3
30,169189.8,1103.3,-91652.1,20950.4,694.1,146521.5,188557.3,17151.6,261704.1,14641.6,-7091.6,88642.7,-121348.4,1168.3,-17158.2,-6720.8,-9453.3,130436.2,89.9,57.5
31,61878.9,12479.9,-254392.6,-5780.3,11509.0,142129.3,177464.2,25865.8,256051.0,24553.1,2465.0,204282.3,-118284.8,3691.5,33130.9,-3926.0,-20432.5,116637.0,89.9,57.5
32,-89731.5,10846.7,-281442.6,-13257.4,3829.3,-20784.8,138746.4,26137.3,119879.5,26995.6,601.3,129690.4,49103.6,5907.5,155674.1,1823.9,-54927.7,28912.2,89.6,57.5
33,-169342.1,39608.0,-199204.0,-16931.7,50722.2,-79817.2,-1284.8,12615.0,-12591.2,9455.9,-12531.5,23773.0,200035.8,13052.1,98478.8,2474.3,-63312.1,51230.9,89.6,57.5
34,-61412.7,61766.3,-39666.2,-77951.0,60678.9,-71352.1,-67440.7,1306.0,-52897.1,23039.2,-16260.1,-73613.1,305201.0,18073.5,77304.6,7340.6,-56551.6,23414.0,89.6,57.5
35,-10718.2,53560.7,-44850.5,-44753.8,55811.1,-89097.0,-49489.1,35721.7,-36570.8,73190.5,56556.9,-116735.0,315845.0,20048.4,7694.3,9638.7,-52436.2,13901.1,89.4,57.7
36,34458.1,29516.2,-468693.9,-78200.0,43793.5,-85694.3,-44794.9,73803.8,-55513.1,70277.9,53155.4,-104867.1,308962.7,12796.5,-53853.5,2367.0,-58629.8,41091.4,89.4,57.5
37,80557.7,46930.1,-404947.4,18395.3,64097.5,2356.4,-100100.0,72791.8,-97013.9,68194.3,51735.5,-60733.2,248603.0,20788.8,-58070.8,6757.8,-49478.5,-76878.1,89.4,57.7
38,141318.6,-3785.6,31219.6,6314.1,-1495.4,-22694.8,-24545.2,49326.2,-49486.4,69854.0,53326.3,17052.2,220486.9,20138.4,-58429.8,6249.2,-49421.5,-6326.0,89.4,57.7
39,50633.5,12453.4,360410.8,12460.0,14640.2,-26444.6,44834.6,25443.2,39751.0,73130.9,56578.1,34315.1,239123.3,32464.7,-55845.6,12707.7,-44165.7,429950.8,89.4,57.7
40,38137.7,67030.1,248951.4,3463.7,47973.8,4539.2,52474.6,70262.0,40548.4,70813.0,52166.0,33354.8,114629.0,31957.4,-54911.8,18869.5,-39838.4,801730.2,89.4,58.0
41,29406.3,55086.6,200691.5,26400.9,54138.2,23951.8,1257.0,72239.5,-41666.3,67035.4,49009.6,29027.5,-56004.5,29003.6,-18590.0,19556.9,-38251.6,211640.2,89.6,58.0
42,12490.5,45804.2,173403.2,39406.6,43945.8,17272.1,-10172.5,69627.5,-77972.2,65412.8,45817.4,19963.6,-222294.9,7251.9,-96587.3,-15693.2,-82033.2,-428725.6,89.6,58.0
43,-8606.9,46573.7,162816.1,-27871.1,42320.6,-36660.8,6185.6,71011.7,-10637.4,66565.1,46588.3,-13229.6,-107316.2,46463.8,3961.7,32263.3,-17817.8,-269150.7,89.9,58.2
44,-16437.6,44143.2,50958.0,-88406.9,39766.9,-100726.6,36007.8,71562.7,44139.2,69341.4,47053.2,-2091.5,-163994.9,63888.2,10848.0,49032.1,-1178.8,-204678.4,89.6,58.2
45,25154.5,53513.1,-14358.1,-70560.0,50303.7,-78406.6,9538.1,71630.2,59315.9,70493.8,46981.7,-17375.4,-274328.4,61930.6,-74517.7,49218.9,-568.2,-358499.4,89.6,58.2
46,39137.7,51954.1,20288.1,-77913.9,52147.4,3923.3,-11225.5,70832.8,-1756.4,67839.4,44955.2,-2151.1,-352619.8,58921.2,-122633.3,44092.9,-480.8,-390337.6,89.4,58.2
47,31081.8,52793.8,137056.3,-74482.0,57952.9,-1067.6,43867.7,65024.7,-17880.1,61500.1,40629.2,24531.9,-464677.8,56064.1,-219051.1,41169.6,-1378.9,-325159.3,89.2,58.5
48,69252.7,59139.7,13717.0,5425.3,37880.7,-24885.6,55484.0,64961.1,-10649.4,61606.0,40794.7,29542.7,-290607.1,54258.8,-131532.9,43692.9,-4424.0,-84141.9,89.2,58.2
49,-5481.0,64110.8,-21055.0,14566.1,42262.3,4049.1,55245.6,69589.1,-1050.4,67039.3,46283.7,17007.2,-60779.5,30030.1,-102061.7,42720.6,-35976.0,323193.6,88.9,58.5
50,53272.0,61086.8,-31456.7,57141.0,61723.9,25469.7,22223.3,69350.7,16751.6,72397.1,51021.6,21927.9,212290.6,18951.6,-30944.1,8927.5,-45939.3,439055.8,88.7,58.5
51,-19098.7,66615.5,-159515.3,59391.4,60232.5,28419.5,-17592.6,35723.1,-17036.3,72422.3,55159.5,38406.6,335134.4,21912.0,77290.0,8244.0,-49522.2,82778.9,88.7,58.5
52,-54329.0,68253.9,-232169.4,47565.8,57229.7,11115.6,47240.0,20137.1,40618.6,72031.6,54762.1,19255.0,255205.9,49817.6,94576.7,58968.9,-3180.2,-712943.1,88.9,58.7
53,-56001.9,68986.4,-185183.7,47564.5,57635.0,13807.1,37054.2,63196.8,53317.0,71042.1,48077.1,39132.4,101951.8,56172.7,9187.1,50466.6,-10754.0,-394471.5,88.9,59.0
54,35976.0,34011.7,-26218.1,51238.8,62318.6,10494.4,40776.2,70301.7,-1455.7,73793.2,48507.6,24996.9,143335.9,17461.5,-26277.7,25106.8,-22191.5,381337.3,89.2,59.0
55,78223.8,27031.4,-35940.3,-19534.4,28669.8,47450.6,-16330.3,58258.9,3707.4,73101.8,48310.2,-79717.9,30507.0,16421.7,-51603.1,7704.9,-54138.2,851551.7,89.2,59.2
56,29548.0,32356.1,27819.5,10334.1,37043.6,6123.4,-67536.0,63644.5,-32778.6,72052.7,49050.7,-86560.5,-61975.6,104989.0,-111765.3,32313.7,-32129.6,938046.0,89.4,59.4
57,20102.7,120246.4,290391.2,100818.0,70741.4,-14936.9,-126198.9,18890.7,-92236.2,28259.2,13197.8,-179411.3,-36441.0,123975.0,-200907.4,127270.5,74745.6,796703.5,89.4,59.4
58,46585.7,20542.4,288874.6,6753.9,11403.0,-14933.0,-140207.4,1312.6,-85485.0,32501.8,41721.9,-183120.0,34527.0,109517.6,-206857.3,54860.1,-23787.6,488899.8,89.4,59.7
59,2596.1,31520.3,-362516.8,19265.5,27079.1,27422.1,-116013.2,5630.7,-34952.2,3325.9,5241.2,-124413.4,62832.6,26362.5,-153418.4,10752.7,-54448.2,181974.3,89.4,59.7
60,42507.4,38145.7,-786788.0,89734.1,22628.6,15633.6,-10420.2,23979.6,45151.2,22355.7,-1124.5,-2247.8,207003.0,37202.6,-5647.9,17927.8,-54442.9,106218.1,89.4,59.7
61,18517.2,135872.1,403972.5,174484.0,155323.1,39017.2,75814.5,26586.3,28684.4,24841.9,-462.3,67426.1,274211.8,43565.7,102708.1,20257.6,-48685.1,124237.3,89.2,59.7
62,112386.6,127585.7,434841.1,145473.8,157422.5,86087.7,139464.3,49663.9,124690.3,31877.9,6964.5,159529.9,350202.5,41470.3,165724.8,20844.4,-47700.9,118541.7,89.2,59.7
63,121551.1,142753.1,-89036.1,87246.6,139168.9,2907.4,210735.5,112101.8,128009.6,33723.0,10608.3,204364.5,277323.2,24624.7,189447.4,14993.9,-57203.2,87653.3,89.2,59.7
64,127752.6,123971.0,-64114.7,128485.1,112839.5,-8363.2,110028.9,56005.9,119410.6,33974.6,9609.6,121373.6,195450.3,5927.4,172574.0,-237.1,-6777.7,-37108.5,88.9,59.7
65,122323.3,35462.1,-134937.0,29175.8,35058.1,-18217.8,77515.2,35341.6,52690.5,30371.9,5198.8,64622.0,117678.1,-862.3,76013.1,-7857.2,423.9,-45376.4,88.9,59.7
66,120148.4,28509.6,-33928.3,9859.9,32095.1,-12518.3,122307.4,29999.7,64946.5,30603.7,3662.4,116790.7,50441.4,61583.5,54762.1,62941.2,-36536.3,-145661.8,88.7,59.7
67,102916.0,30970.6,66925.4,12894.5,115215.8,-5296.9,113897.9,25970.4,59314.6,27210.2,-1376.2,78784.1,-36753.6,-38600.0,-50714.3,47279.7,-125191.0,-107473.8,88.7,59.7
68,9581.8,24579.6,83553.8,-11458.7,29387.7,-11952.7,21872.3,19745.0,15709.1,19957.0,-8486.4,-7028.1,-81833.2,-50928.9,2776.3,44172.3,-127383.1,-105122.7,88.7,59.7
69,-1392.1,19300.0,69051.3,26577.1,21510.7,-19309.3,-2112.7,14319.7,9776.5,14503.8,-14723.7,-17570.1,-86682.4,-55382.0,4512.7,45008.1,-125975.1,-171219.0,88.9,59.9
70,-6757.8,17876.1,66024.7,4654.5,18990.0,-23000.8,-6306.2,15714.4,7714.2,16024.4,-11910.3,-22474.9,-71899.1,-61745.1,3973.6,44475.7,-126486.4,-93868.0,88.9,59.9
71,-7115.5,19113.2,75852.9,-4936.6,21146.4,-23945.2,-10959.3,15097.2,3647.8,16885.3,-11914.3,-26190.3,7951.3,11467.9,11355.3,53454.8,-57293.3,-58398.0,88.7,60.2
72,-9560.6,16286.6,84752.5,-12848.1,14997.9,-29950.7,-16127.7,14457.4,-1744.4,15929.0,-11706.4,-30042.1,60259.0,18960.9,9960.6,38886.1,-1295.4,21312.0,88.7,60.2
