工件号： 417测试
检测时间： 2018/4/17 9:10:37
测量长度： 54 灵敏度： 3
0,-42657.1,1095.4,-28036.7,24672.4,1238.5,-1437.1,-1140.4,-556.3,-2543.1,-1447.7,-1123.2,-431.8,4355.1,-5923.4,1988.1,-16686.7,10210.9,1172.2,90.6,55.8
1,-32541.5,-1076.9,-14478.6,19347.7,-1676.9,38259.6,-646.4,-1454.4,-1882.2,-2569.6,4079.6,10.6,5169.7,-2952.4,3855.8,-15000.5,12514.3,1365.6,90.4,55.8
2,6936.7,25281.6,-3324.6,-9546.0,35769.4,62746.5,-1120.6,-7756.6,-4243.9,33128.3,47149.9,1453.0,-1666.3,13400.4,-1247.7,17327.7,5001.5,123.2,90.1,55.8
3,8359.2,63587.6,-16735.7,-117949.7,64932.0,67865.9,-578.8,-5708.8,-3694.2,52490.5,66464.5,1568.3,-8681.1,62386.2,41112.6,61105.4,2997.5,-9494.4,89.9,56.1
4,3814.7,59131.8,-94087.9,-128177.8,60308.0,66538.7,-133.8,-10544.7,381.5,53754.1,67650.0,311.3,6138.0,32087.2,75320.4,61672.3,9403.0,43253.1,89.6,56.1
5,9930.1,65819.4,-106096.3,-82359.1,65827.4,75556.2,1119.2,-7143.3,5108.8,12363.3,26488.3,-2774.9,16329.0,-5413.4,65994.3,18342.3,-26940.0,60509.3,89.6,56.1
6,-19704.0,20337.1,-13625.6,17611.2,50808.3,21183.5,1208.0,-4919.4,7514.2,-4877.0,5952.5,11425.5,-9466.5,-5438.6,78137.7,-14017.7,-32332.2,62084.2,89.6,56.3
7,-48458.6,-556.3,-36146.9,-33983.9,18260.2,8845.3,4797.5,-1051.7,25738.6,-1623.9,-639.8,7131.4,-14645.5,-7175.1,71337.5,22563.7,11290.4,60904.0,89.6,56.3
8,-43658.4,11185.8,45797.6,-28989.1,6869.1,13756.8,902.0,-2487.5,13371.3,-1593.4,-2275.6,57506.6,-9220.2,-7887.7,56762.2,2181.5,9984.4,24196.8,89.6,56.3
9,-35814.4,12362.0,-79661.0,-25893.6,6983.0,23600.8,5344.6,-1847.7,94975.4,-2266.3,8595.0,15567.4,-7564.5,41683.5,75639.6,62770.3,168.2,40786.8,89.6,56.3
10,-35030.3,14041.5,-179493.4,-21127.9,9556.6,24505.5,6662.5,2389.5,99884.1,3129.9,1482.2,17270.8,-2581.5,6604.2,47192.3,12177.9,4531.3,-12927.6,89.6,56.1
11,-34246.2,16861.5,-169343.4,16620.4,10928.8,40853.0,7342.0,5279.6,86114.1,5694.2,4461.1,47787.0,-1017.3,-1668.9,44979.0,-15048.2,-36927.1,34496.5,89.9,56.1
12,73028.9,13709.1,-18886.7,15996.6,8801.6,165156.5,25461.8,5323.4,184120.1,5081.0,4235.9,51556.7,-3233.2,-6009.5,68314.9,-7708.9,-12314.3,14154.1,89.6,56.1
13,-43496.8,-2091.5,-404263.9,-49869.2,32998.5,139783.5,18466.8,4812.1,153638.3,5969.7,5527.3,337.8,-193.4,-4825.3,50298.4,-17054.9,-17450.9,33635.6,89.6,56.1
14,7441.3,6800.2,-252801.9,-8878.4,30945.4,113100.5,8850.6,-26.5,130620.3,822.5,1625.2,-4231.9,1168.3,6981.7,31970.6,11792.4,2825.3,20802.0,89.4,56.3
15,464.9,87290.3,-150803.7,76373.4,77696.6,137803.3,7669.1,-6682.3,48187.0,4474.3,43388.2,72170.6,-3406.7,20706.7,66846.0,41525.9,2739.2,111007.7,89.4,56.3
16,5593.6,112210.4,1129679.0,160018.6,135641.6,11934.2,48241.4,-320.5,-42400.1,48585.7,70289.8,72801.1,-12506.4,44977.7,46441.3,59670.9,-2323.3,100492.1,89.4,56.3
17,-114357.5,72178.6,884348.9,28238.0,46228.0,-155780.1,47369.8,57082.7,-155406.5,54556.8,61008.7,20563.6,18156.9,57737.0,5241.2,52089.2,-14046.8,100530.5,89.4,56.3
18,-110499.1,40519.2,31142.8,15148.9,42630.6,-235754.9,-65087.0,38631.8,-121502.1,29251.3,65522.7,-2185.5,11181.8,58812.6,68826.1,53209.7,-52062.7,100178.2,89.4,56.3
19,-122319.3,19039.0,-663571.9,-36713.8,-1135.1,-188995.7,-56344.9,64490.9,-142647.2,60970.3,61602.1,42654.4,99436.4,41498.1,21623.2,36692.6,-137866.9,100845.8,89.4,56.3
20,-90498.4,-46416.1,-1481126.5,-160423.9,-21832.5,-46977.7,-25483.0,34378.6,-42710.0,38066.2,69223.5,45196.2,131899.8,52640.2,8498.3,50434.8,-69320.2,178481.5,89.4,56.3
21,-101421.9,-22537.2,-1628426.8,-228152.0,-19311.9,-57420.5,46140.6,-2919.3,54649.5,-1797.4,13641.5,10208.3,106500.3,32166.6,14097.2,-2850.4,5475.7,29050.0,89.4,56.3
22,-288907.7,25823.4,-1889493.8,-37699.3,25781.0,52842.8,32593.1,-4947.2,6375.0,433.1,6363.1,-736.4,89282.5,53578.0,17922.5,35382.6,-22052.4,273907.2,89.4,56.3
23,-213737.0,107159.9,1473975.3,166485.1,113801.2,20686.8,14469.4,1655.7,10755.3,8575.1,761.6,11038.8,124902.2,62639.2,14380.6,41912.7,-3276.9,148987.8,89.4,56.3
24,-63569.0,177205.9,2349265.6,136466.8,117688.7,-67141.3,5318.1,4874.3,37046.3,10518.2,3262.4,17563.5,3716.7,48885.1,10604.3,18205.9,4724.7,28223.5,89.4,56.3
25,71489.8,99501.4,1213077.8,168583.1,97552.9,-43809.4,-1128.5,7176.4,-71700.4,12317.0,5576.3,23935.9,36708.5,55277.4,2883.5,2283.5,7968.5,-59609.9,89.4,56.3
26,158170.9,146318.8,72103.1,53787.2,141894.8,41739.1,-2025.2,3855.8,-82763.0,6645.3,3487.5,22828.6,39585.4,3879.6,250.3,-12473.3,-56456.2,-90155.3,89.4,56.3
27,236472.8,122331.3,-511021.1,101775.6,30089.8,66659.2,2845.1,977.5,-39368.2,3706.1,1010.6,31565.3,35715.1,6810.8,4151.1,-11192.4,-57268.1,-97823.1,89.4,56.5
28,224509.5,24584.9,-548040.9,-103.3,13050.8,148199.7,11922.3,2622.6,-68742.7,5804.2,2389.5,27986.4,32648.8,6145.9,8669.2,-12201.7,-58298.6,-96921.1,89.4,56.5
29,263877.7,17733.0,-399551.2,-26849.9,7624.1,91717.0,19923.8,7061.2,-76308.5,10207.0,5543.2,27769.1,36324.4,21998.1,-1013.3,11298.4,-37101.9,-61886.8,89.6,56.5
30,162939.2,8132.7,-118557.6,-27597.0,-339.1,99255.0,16657.5,5296.9,23407.4,6593.6,2488.8,20786.1,43529.9,17407.2,2854.4,-10429.5,-49886.4,-78376.1,89.4,56.5
31,85850.6,13551.4,-18309.2,-17098.6,8642.7,146438.0,17412.5,11671.9,95326.4,13638.9,9229.4,4965.7,-8543.3,3835.9,5243.9,-14972.7,-35984.0,-90180.5,89.4,56.8
32,-54174.0,13303.8,12544.8,-8796.3,10620.2,212025.7,132526.3,14801.8,253876.1,16518.4,12601.7,20607.3,279.5,6708.8,13176.6,15631.0,-44434.6,-127104.9,89.4,56.8
33,-214205.9,6772.4,-229332.2,-7640.0,7384.4,49511.6,70430.2,13630.9,212060.1,17033.7,11808.3,33166.7,-169661.3,34625.0,56427.1,56507.9,-12820.3,-325514.2,89.2,56.8
34,-403910.2,58039.0,-144704.2,-120590.8,31420.9,-123275.7,-74442.2,1751.1,2090.1,-1857.0,-498.0,-35523.0,-31126.9,-7266.5,-62949.1,53468.0,-54425.7,-243896.9,89.2,57.0
35,-116528.4,32390.5,103174.3,19138.4,18988.7,-52475.9,-138775.5,3084.9,-94760.8,1303.4,394.7,-35054.2,-2419.9,11842.8,-75803.9,2567.0,-46092.9,-74761.4,89.2,57.0
36,274972.1,37497.9,314658.2,51554.0,114854.2,273471.4,94228.3,19195.3,179443.1,18676.1,15164.7,3782.9,-142331.9,-6791.0,-148163.9,-17313.2,-2626.6,-7384.4,88.9,57.3
37,256880.1,138946.4,-48397.6,65317.4,138411.3,380522.7,273729.7,114019.7,369441.5,116500.6,61967.6,179308.0,-209746.1,229.1,10873.2,-9854.6,-25743.9,79753.7,88.9,57.3
38,-3629.3,56239.0,-349346.8,-20939.8,36135.0,149056.7,226121.5,77078.1,246538.1,70840.8,57280.1,192705.8,-32217.0,12465.3,135000.6,-498.0,-57081.4,136334.4,88.7,57.3
39,-80231.8,49253.3,-166012.2,-75415.8,46996.3,-36663.5,70695.1,1800.1,60542.4,-3216.0,6914.1,65490.9,203332.6,21382.2,171721.0,6481.0,-48479.8,155248.9,88.7,57.5
40,-86372.4,14151.5,-152508.4,-114223.7,-998.7,-30675.2,-37683.4,-4159.1,-39035.7,-3718.0,-1071.6,-79871.6,276209.3,49355.3,135652.2,13303.8,-41945.8,139048.4,88.9,57.5
41,-76592.0,-47278.4,-470521.7,-103947.9,-58656.3,-48992.4,-18449.6,-9107.6,-19991.4,42177.6,36113.8,-78896.7,266093.7,21292.1,93321.0,7441.3,-45987.0,55282.6,88.9,57.3
42,5075.7,-4237.2,-1069892.8,-54093.2,-4082.3,-3074.3,-75324.4,60700.0,-91295.8,67553.3,74524.4,-62978.3,311039.6,14836.3,18447.0,1071.6,-49857.3,-52503.7,88.7,57.3
43,68410.2,32565.3,-435137.8,30210.3,34724.3,61277.6,-24351.8,18915.9,-75149.5,67744.0,75924.4,45590.9,270872.7,11776.6,4745.9,-2382.9,-50654.7,-153909.8,88.7,57.3
44,55370.1,104159.8,893904.2,54783.3,104618.1,150109.7,64917.4,3510.1,32387.8,66767.8,76238.3,62843.2,170642.8,11278.5,21575.6,-3274.3,-49776.5,100982.2,88.9,57.3
45,10490.4,17224.4,710602.6,75052.8,17166.1,56915.8,36391.9,68138.7,47712.9,61223.2,69922.9,66244.6,176552.9,25950.5,2068.9,10375.2,-37258.2,729145.0,88.9,57.3
46,70.2,44445.2,305517.5,35418.4,49992.4,34141.5,65133.3,67631.4,35384.0,62559.7,69940.1,63382.3,18298.6,23290.8,45412.1,2760.4,-47180.4,438727.3,88.9,57.3
47,-29006.3,49564.6,130148.7,-5779.0,120888.8,60739.8,29899.0,65647.2,-66708.2,62445.8,67268.5,53689.2,-188921.6,46163.1,-32113.7,32422.3,-16982.0,-394609.3,88.7,57.3
48,-46924.8,-11094.4,29850.0,-113414.4,-45679.7,-32974.6,23365.0,63718.7,-53278.6,60523.9,65435.3,19893.4,-166344.7,51457.4,70403.7,36242.3,-9987.1,-260718.7,88.7,57.3
49,15771.4,-36414.5,-29106.9,-67461.9,-60995.4,-77724.5,28801.0,63725.3,39499.3,62478.9,63898.8,31428.9,-181675.0,60219.2,70892.4,41288.8,1004.0,-365083.8,88.7,57.5
50,5016.1,-44518.0,-24388.9,-77499.3,-60967.6,-76141.6,20216.6,61844.5,57723.8,61604.7,61688.2,13126.3,-320226.6,60587.5,-38976.1,39766.9,3563.0,-421359.8,88.7,57.7
51,-17976.8,46490.3,22444.5,-127968.5,39451.7,23698.8,28905.6,61403.4,32160.0,61580.9,61547.8,63806.1,-370789.9,58187.4,-92286.5,39385.4,2789.5,-334594.0,88.2,58.0
52,-9642.7,22109.4,146121.5,-131571.3,51710.3,55095.9,69269.9,55845.6,3577.6,51604.4,55403.2,56215.1,-451076.1,55967.4,-164711.5,37336.4,4662.4,-186314.9,88.2,58.2
53,30110.9,63253.8,-12275.9,-28540.0,17564.8,18086.7,61204.7,60421.9,-1943.1,53849.5,63812.7,63647.2,-223444.6,47973.8,-33242.2,50860.0,-14448.2,93506.4,88.2,58.5
54,-48380.4,64032.6,-39709.9,-49377.8,55338.3,56048.2,69154.6,62080.2,-6939.3,59009.9,65379.7,46808.2,-8793.7,6426.7,-36815.8,-4727.3,-54793.9,415351.7,88.2,58.7
55,-21172.9,67840.7,-72874.0,-20651.0,67489.7,67573.1,41188.1,68761.2,18533.1,67243.3,70677.9,53323.6,212470.7,19935.8,52891.8,5110.1,-43959.1,389707.1,88.2,59.0
56,-80090.1,64757.1,-255194.0,14192.5,53450.8,58648.3,10471.9,24190.2,-10220.2,71444.8,73060.7,69443.4,267165.3,11368.6,151353.4,-3235.9,-53662.7,-93668.0,88.2,59.0
57,-117789.4,64606.1,-315807.9,-24182.3,50371.2,47702.3,73888.6,-3850.5,-9253.3,47274.4,70929.5,32581.2,232407.8,2041.1,149322.9,44737.9,-1499.4,-552460.9,88.2,59.0
58,-99090.7,67336.0,-200148.4,-3401.4,53762.1,48046.6,63584.9,4747.2,57584.7,72199.8,73553.5,56958.2,133894.6,58942.4,60210.0,50025.5,-569.6,-434113.9,88.4,59.0
59,-25991.6,33123.0,-81845.1,9167.2,68642.0,35560.1,70116.3,-6816.1,4804.1,29532.1,39915.2,71280.5,101996.8,4576.3,20093.4,20141.1,8575.1,114704.5,88.4,59.0
60,62449.8,-513.9,80606.7,12743.5,75006.5,123245.2,52857.4,54089.2,7393.6,54530.3,68755.9,26112.1,103619.4,13200.4,52461.4,577.5,-37537.7,678596.3,88.7,59.0
61,-66361.2,-21623.2,-594217.3,-184947.9,8393.7,-7907.6,-37188.0,58554.3,3422.6,53098.5,60123.9,-45731.3,30530.8,13919.7,-53743.5,-1997.4,-49090.4,842351.4,88.7,59.2
62,-42838.5,96041.6,252309.1,16889.3,78169.5,9314.2,-37725.8,47455.9,-89613.6,52943.5,66631.4,-54313.1,69775.9,111503.1,-33019.7,12915.7,-20572.9,759201.6,88.4,59.2
63,84994.9,107052.6,635094.2,157491.4,134804.5,122496.8,-98307.9,1306.0,-58999.3,-4818.7,72942.8,-84748.5,101282.9,9890.4,-70663.3,-8161.9,-7085.0,428077.9,88.4,59.4
64,88270.5,91219.0,592279.5,158576.2,150942.8,155170.8,-95517.1,-275.5,-5092.9,406.6,40949.7,-98440.4,132469.3,780.2,-57537.0,-5926.0,5688.9,181939.9,88.4,59.4
65,7728.7,16971.4,44433.3,-10712.9,11579.2,52302.4,16535.7,14510.4,27386.3,15270.7,14024.3,28453.9,110695.1,24335.9,42161.7,-15404.5,-6618.8,-13926.3,88.4,59.4
66,4814.7,142207.4,191777.3,43250.5,126671.8,63402.1,124099.5,65807.5,106513.5,64321.4,25627.3,125442.6,93413.7,60878.9,118883.5,59919.9,-17054.9,-40331.2,88.2,59.7
67,86312.8,157067.5,78410.6,51715.6,157789.4,136337.0,93543.5,114704.5,132981.9,119769.6,31035.5,101347.8,79430.5,60123.9,91903.7,46038.6,-15763.4,-66024.7,88.4,59.7
68,-15028.3,138790.1,-506254.1,93529.0,135197.9,25263.1,92381.9,89746.1,129505.0,82171.0,27040.6,93985.9,139407.3,66549.3,101591.5,32948.1,-5220.0,-41034.5,88.2,59.9
69,-33766.7,119817.3,-331252.2,-23916.0,115372.1,17188.7,109150.7,67215.5,126899.6,41510.0,27595.6,118819.9,17317.1,63524.0,153068.7,23473.6,-2227.9,-52423.0,88.2,59.9
70,-30965.3,59584.8,-99129.2,-34632.9,62155.7,16934.3,154362.8,26098.9,113541.6,26754.5,24243.2,151639.5,29541.4,71794.5,127225.5,28354.6,-57.0,-53632.3,88.4,59.9
71,-46851.9,13275.9,-19461.6,3235.9,17786.0,3718.0,140231.2,20141.1,36578.7,20115.9,19739.7,136517.2,49665.2,26559.8,35214.4,7196.3,5785.6,-48599.0,88.4,60.2
