工件号： 417测试空采
检测时间： 2018/4/17 9:07:14
测量长度： 54 灵敏度： 3
0,-157.6,601.3,102.0,-71.5,-521.9,104.6,715.3,-308.6,168.2,266.2,6.6,-2016.0,-1769.6,-2853.1,25150.5,-2120.6,14873.3,-2121.9,87.5,88.9
1,-353.7,290.1,192.1,-360.3,-957.6,369.5,3453.1,-2568.3,-2307.4,-2706.1,3018.6,22584.9,-1223.9,-2185.5,9360.6,-1914.0,10091.7,-1676.9,87.5,88.9
2,-712.6,-470.2,-378.8,-225.2,-1239.8,-355.0,-2013.3,-2580.2,-2381.5,-2243.8,-2707.4,22596.8,-1295.4,-2370.9,9351.3,-1920.6,15374.0,-1619.9,87.5,88.9
3,-2443.8,-1288.8,-2147.1,-1806.7,-1990.8,-1372.2,-1500.7,-1556.3,-1397.4,-1295.4,-1810.7,1349.7,-1880.9,-2708.7,25067.1,-1941.8,19582.1,-2155.0,87.7,88.9
4,-186.8,63.6,-324.5,614.6,-368.2,-319.2,-1115.3,-1626.5,-1166.9,-1514.0,-1173.5,-3573.6,-2801.4,11804.4,38992.0,18575.5,18027.1,-3266.3,87.5,88.9
5,-2251.7,-1234.5,-1809.3,-1825.2,-1552.4,-1184.1,655.7,552.3,968.2,303.3,600.0,-1298.1,-5108.8,4222.7,75527.0,53633.6,16412.5,-5139.2,87.5,88.9
6,-400.0,307.3,-247.7,-345.7,-1186.8,-31.8,-307.3,-966.9,90.1,-141.7,-1488.8,2382.9,-2332.5,-2919.3,24636.6,8555.3,19742.4,-1769.6,87.5,88.9
7,-1780.2,-1891.5,-1536.5,-1812.0,-2047.8,-1472.9,-217.2,249.0,-205.3,211.9,339.1,-2978.9,-3225.3,-3867.7,45977.7,18401.9,13230.9,-3178.9,87.5,88.9
8,-684.8,37.1,-876.9,-547.0,-1015.9,-539.1,290.1,468.9,67.6,751.0,902.0,-2269.0,-733.8,-1687.5,15595.2,-863.6,-11081.2,-492.7,87.5,88.9
9,-1104.7,-283.5,-500.7,-1792.1,-989.4,-268.9,215.9,-18.5,578.8,653.0,602.7,-2216.0,-78.1,-455.6,-678.2,-321.9,-5173.7,127.2,87.5,88.9
10,-1364.3,-883.5,-1135.1,-1140.4,-1021.2,-524.5,13152.8,-3316.7,-2181.5,-3271.6,7071.8,37564.2,-1234.5,-2014.6,14706.5,9330.1,15133.0,-1545.7,87.5,88.9
11,-634.5,210.6,161.6,-352.3,-425.2,389.4,2725.9,-3124.6,-2107.4,-2911.4,-2784.2,16221.7,-519.2,-1090.1,-1043.7,-125.8,213.3,-339.1,87.5,88.9
12,-120.5,223.8,-221.2,104.6,-662.3,325.8,-1464.9,-1914.0,-1600.1,-948.4,-1988.1,1818.6,-2433.2,-4167.0,29583.8,13103.8,13777.9,-2744.5,87.5,88.9
13,1014.6,1231.8,1104.7,1400.0,904.7,1274.2,-486.1,-1178.8,-1398.7,-238.4,-753.7,-2671.6,-2121.9,-3479.6,35495.2,-2633.2,19407.3,-2298.1,87.5,88.9
14,-1666.3,-957.6,-1521.9,-1055.7,-1353.7,-1944.4,-95.4,-325.8,-577.5,-402.7,-282.1,-2741.8,-3728.6,-4283.6,39608.0,23395.5,18783.4,-3878.3,87.5,88.9
15,-821.2,-713.9,-786.8,-513.9,-945.7,-1159.0,-1039.8,-2123.3,-1671.6,-1728.5,-1886.2,6340.6,-3030.6,-3955.1,45598.9,-3030.6,18925.1,-3050.4,87.5,88.9
16,-1479.5,-819.9,-1121.9,-1296.7,-1908.7,-797.4,1830.5,1292.8,1519.3,1413.3,1796.1,-1482.2,-1593.4,-2086.2,9581.8,-1381.5,15295.9,-1378.9,87.5,88.9
17,-1761.6,-1192.1,-1745.8,-1442.4,-2095.4,-1238.5,-778.8,-449.0,-377.5,-1363.0,-760.3,-3165.7,-2823.9,-2924.6,51401.7,-2100.7,13968.7,-2019.9,87.5,88.9
18,-1237.1,-533.8,-1401.4,-1125.9,-756.3,4635.9,9633.4,-1227.9,-1169.6,-645.1,-1264.9,12699.8,-719.2,-1210.6,10183.1,-943.1,-692.7,-500.7,87.5,88.9
19,-1813.3,-879.5,-1552.4,-1435.8,-1600.1,-1609.3,-1760.3,-2018.6,-1468.9,-1307.3,-956.3,906.0,-439.7,-1426.5,4547.2,-376.2,10119.5,-426.5,87.5,88.9
20,74.2,1061.0,1159.0,1470.2,586.8,951.0,-331.1,-682.1,-513.9,-443.7,-654.3,-3253.1,-2198.7,-3743.2,24516.1,8238.7,19558.3,-2247.8,87.5,88.9
21,-2034.5,-923.2,-2410.7,-998.7,-2018.6,-1967.0,-740.4,-1226.5,-539.1,-426.5,-876.9,7527.4,-2696.8,-3151.1,35187.9,8602.9,3527.3,-1888.8,87.5,88.9
22,-710.0,-390.7,-1107.3,-802.7,-993.4,-811.9,1573.6,1239.8,903.3,1476.9,1274.2,-1075.5,-2875.6,-3706.1,19615.2,-2549.8,19341.0,-2386.8,87.5,88.9
23,-1245.1,-1239.8,-1193.4,-1075.5,-1671.6,-1357.7,988.1,540.4,704.7,972.2,169.5,-1732.5,-993.4,-2174.9,9330.1,-1368.3,15184.6,-1404.0,87.5,88.9
24,-2124.6,-2466.3,-2565.6,-1789.5,-2472.9,2957.7,3259.7,-2764.3,-2278.2,-2671.6,-2188.2,11380.5,-2486.2,-2886.2,40540.4,8681.1,8642.7,-2062.3,87.5,88.9
25,-1135.1,-1610.7,-2165.6,-1499.4,-1462.3,-1574.9,260.9,11.9,696.7,222.5,1018.6,-2536.5,-2357.7,-2820.0,24361.1,-1825.2,19768.9,-1935.2,87.5,88.9
26,825.2,1429.2,703.3,1113.9,980.2,747.0,508.6,302.0,1145.7,1474.2,696.7,-2633.2,-2206.7,-2755.1,18999.3,-2145.8,20133.1,-2340.5,87.5,88.9
27,-1168.3,-566.9,-1398.7,-957.6,-1333.8,-1037.1,-837.1,-1059.6,-443.7,-1153.7,-1405.3,-3446.5,-850.4,-1372.2,4720.7,-968.2,5345.9,-854.3,87.5,88.9
28,-2005.4,-1135.1,-1763.0,-1818.6,-2237.2,-996.1,-1731.2,-1739.1,-928.5,-801.4,-1017.3,-3613.4,-817.2,-857.0,9606.9,-1161.6,14985.9,-1033.1,87.5,88.9
29,-376.2,-108.6,-246.4,-453.0,-1168.3,-552.3,-1739.1,-2311.3,-2606.7,-2286.2,-2324.6,5886.3,-1197.4,-2099.4,25441.9,-1793.4,4667.7,-1953.7,87.5,88.9
30,-663.6,84.8,-274.2,-162.9,-516.6,-479.5,-547.0,-1054.3,-998.7,-827.8,-564.3,-3695.5,-2140.5,-2386.8,29922.9,13909.1,-1278.2,-2304.7,87.5,88.9
31,-1989.5,-1788.1,-2519.3,-2370.9,-1585.5,-1332.5,662.3,155.0,411.9,198.7,471.5,-1792.1,113.9,-880.8,-5496.9,408.0,621.2,449.0,87.5,88.9
32,-1531.2,-1790.8,-1814.6,-2222.6,-2193.5,-1302.0,2263.7,2027.9,2250.4,1937.8,2140.5,-480.8,-1470.2,-1782.8,14595.2,-1366.9,14850.8,-1290.1,87.5,88.9
33,-1986.8,-1892.8,-1879.5,-1691.4,-2462.3,-1246.4,-990.8,-1634.5,-1235.8,-1222.6,-1127.2,-3625.3,-2296.8,-2842.5,30092.4,8637.4,19923.8,-2782.9,87.5,88.9
34,372.2,1010.6,662.3,503.3,152.3,755.0,859.6,245.0,396.0,556.3,545.7,-2499.4,234.4,-831.8,-6127.4,-221.2,328.5,-785.5,87.5,88.9
35,-184.1,786.8,841.1,1147.1,598.7,528.5,5441.2,-536.4,-214.6,393.4,5330.0,7478.4,-3304.7,-3711.4,35115.1,18558.2,14060.1,-3167.0,87.5,88.9
36,78.1,186.8,178.8,439.7,-86.1,-227.8,4708.8,-409.3,-863.6,541.7,53.0,8318.2,-3010.7,-3030.6,30118.9,13102.4,19163.6,-2520.6,87.5,88.9
37,-1173.5,-586.8,-667.6,-729.8,-1034.5,-1570.9,67.6,-1123.2,198.7,-333.8,184.1,2096.8,-716.6,-729.8,10094.4,4904.8,-10909.0,10.6,87.7,88.9
38,-25.2,517.9,-306.0,495.4,-266.2,341.7,-2625.3,-2377.6,-2012.0,-2364.3,-2096.8,6236.0,-2653.1,-3529.9,45735.3,12575.3,19521.2,-2702.1,87.5,88.9
39,-822.5,-1141.8,-1205.3,-1266.3,-1230.5,-663.6,-508.6,-254.3,-234.4,-425.2,-691.4,-3053.1,-3266.3,-4012.1,50748.7,12874.6,18500.0,-3422.6,87.5,88.9
40,-401.3,201.3,-181.5,23.8,-1.3,499.4,-1258.3,-1417.3,-1348.4,-1268.9,-857.0,1637.1,-9.3,-770.9,-5059.8,-66.2,-10731.5,99.3,87.5,88.9
41,-539.1,132.5,-564.3,124.5,-857.0,37.1,-1160.3,-1879.5,-1651.7,-1272.9,-1017.3,1500.7,-2388.2,-2623.9,35538.9,-2094.1,9886.4,-2270.3,87.5,88.9
42,-1739.1,-1549.7,-2071.6,-1915.3,-2467.6,-2063.6,-823.9,-1087.5,-955.0,-838.4,-1743.1,-3912.7,-2475.6,-3990.9,39899.4,12715.7,18678.8,-3506.1,87.5,88.9
43,-3172.3,-2246.4,1951.1,-2853.1,-3229.2,-2442.5,202.7,-360.3,-959.0,-764.3,-866.3,-2809.4,-3034.5,-5149.8,50506.3,12607.0,13424.3,-3118.0,87.5,88.9
44,-1206.7,-382.8,-645.1,-751.0,-1351.0,-377.5,-1385.5,-1031.8,-1251.7,-739.1,-523.2,-3753.8,-1806.7,-2482.2,19779.5,-2107.4,20125.2,-2067.6,87.5,88.9
45,-166.9,777.5,368.2,209.3,-370.9,834.5,-1034.5,-1328.5,-713.9,-329.8,-299.3,-3178.9,-1833.2,-1876.9,30954.7,24909.4,4231.9,-1363.0,87.5,88.9
46,351.0,449.0,200.0,429.2,62.3,377.5,-1245.1,-1769.6,-523.2,-1103.3,-1033.1,-4042.5,-1182.8,-1419.9,25728.0,-1231.8,15480.0,-1132.5,87.5,88.9
47,-366.9,127.2,-512.6,-317.9,-547.0,-507.3,527.2,-166.9,14.6,-438.4,-419.9,-3125.9,-1880.9,-2333.9,3353.8,-1920.6,14583.3,-1731.2,87.7,88.9
48,-2200.1,-1580.2,-2449.1,-2531.2,-3467.7,8707.6,145.7,-872.9,-789.4,107.3,-241.1,-3116.7,-1634.5,-2076.9,25084.3,4172.3,19631.1,-1533.8,87.5,88.9
49,-263.6,245.0,83.4,-482.1,-447.7,533.8,880.8,21.2,525.8,623.9,719.2,-2634.5,-2049.1,-2265.0,30124.2,-1619.9,14746.2,-1755.0,87.5,88.9
50,-801.4,642.4,-410.6,-437.1,-777.5,519.2,-1993.4,-1110.0,-2253.1,-1658.3,-1283.5,1006.7,-2098.1,-2994.8,29798.4,2965.7,20003.3,-2355.0,87.5,88.9
51,-26.5,-39.7,172.2,251.7,-357.6,389.4,-13.2,94.0,-100.7,-815.9,125.8,-2821.3,-223.8,-643.7,10652.0,5136.6,-5316.7,-296.7,87.5,88.9
52,-1376.2,-633.1,-904.7,-1021.2,-782.8,-728.5,-1284.8,-1829.2,-2231.9,-1435.8,-1433.2,1441.1,-1498.1,-1800.1,4280.9,-1025.2,15294.6,-1800.1,87.5,88.9
53,-1038.4,-294.0,-545.7,-606.6,-1064.9,210.6,-835.8,-1272.9,-1229.2,-1004.0,-707.3,-3733.9,-1737.8,-3083.5,30080.5,-1316.6,19652.3,-2392.1,87.5,88.9
54,-2940.5,-2136.5,-2467.6,-2567.0,-2829.2,-2184.2,148.3,-871.6,208.0,-307.3,-471.5,-3039.8,-3453.1,-4422.7,50755.3,-2788.2,18591.4,-3506.1,87.5,88.9
55,-2282.2,-1284.8,-2008.0,-1463.6,-2319.3,-1792.1,886.1,1178.8,1556.3,1079.5,1617.3,-1691.4,-1414.6,-2103.4,31126.9,-956.3,9678.5,-1335.1,87.5,88.9
56,7617.5,-2588.2,7989.7,-2651.7,-3447.8,13266.7,-227.8,202.7,-151.0,102.0,-801.4,1955.0,-2331.2,-2682.2,24195.5,8181.7,19392.7,-2163.0,87.5,88.9
57,-1973.6,-2049.1,-1555.0,-2218.6,-2262.3,-1435.8,3463.7,-2849.1,-2367.0,-2298.1,2725.9,6175.0,-2209.3,-3325.9,29823.5,8357.9,19596.7,-2100.7,87.5,88.9
58,-1470.2,-939.1,-1062.3,-1103.3,-721.9,-442.4,-188.1,-1038.4,-759.0,-282.1,67.6,2675.6,250.3,-206.6,-292.7,723.2,-21191.4,752.3,87.5,88.9
59,862.3,1514.0,1307.3,1647.7,1202.7,1671.6,-449.0,-2345.8,-1690.1,-1843.8,-1642.4,-3941.9,-2102.1,-2339.2,25167.7,-1094.1,19490.7,-1711.3,87.5,88.9
60,-1557.7,-1026.5,-1488.8,-1707.3,-1566.9,-970.9,917.9,274.2,596.0,759.0,906.0,-1581.5,-2514.0,-3662.4,50573.9,12767.3,18876.1,-2969.6,87.5,88.9
61,-1333.8,-564.3,-1498.1,-1284.8,-1472.9,-753.7,-365.6,-739.1,-765.6,-513.9,-753.7,7547.3,-1694.1,-3176.3,30128.2,2963.0,8977.8,-1641.1,87.5,88.9
62,37.1,727.2,234.4,22.5,84.8,-284.8,917.9,1018.6,744.4,278.2,438.4,-2336.5,-1300.7,-2341.8,14948.8,-1645.1,9881.1,-1604.0,87.5,88.9
63,-319.2,-242.4,284.8,18.5,-343.1,251.7,-288.8,-708.6,-1209.3,-794.7,-1192.1,-3733.9,931.2,-507.3,-4976.3,739.1,-20510.6,911.3,87.5,88.9
64,-1006.7,368.2,-143.1,-470.2,-708.6,309.9,-639.8,-1499.4,-896.7,-674.2,-1219.9,1268.9,-1696.7,-2401.4,4284.9,-1989.5,20231.1,-1531.2,87.5,88.9
65,2724.6,3324.6,3280.9,3556.4,2637.2,2804.1,208.0,-757.6,-398.7,-260.9,-206.6,2348.4,-3476.9,-3757.7,24533.3,-2711.3,19153.0,-2826.6,87.5,88.9
66,-1178.8,335.1,-393.4,-752.3,-584.1,-1108.6,-643.7,-210.6,-896.7,-800.0,-404.0,-3172.3,-920.6,-1466.3,-646.4,-1294.1,15722.4,-1243.8,87.5,88.9
67,-3323.3,-1806.7,-2487.5,-2719.3,-2745.8,2826.6,996.1,892.7,859.6,940.4,1321.9,-1196.1,-3066.3,-4005.4,40166.9,12364.7,18419.2,-2736.5,87.5,88.9
68,-2401.4,-1841.1,-2665.0,-2680.9,-2755.1,-2327.2,2261.0,1586.8,1735.2,1625.2,1736.5,-1249.0,348.4,-741.7,-71.5,-253.0,-10467.9,233.1,87.5,88.9
69,-634.5,306.0,-556.3,-384.1,-1144.4,-55.6,4851.8,-2276.9,-1439.8,-1343.1,-1925.9,12167.3,-2279.5,-2812.0,29688.4,2888.8,19749.0,-2132.5,87.7,88.9
70,-288.8,365.6,-566.9,-241.1,-1111.3,-151.0,-2035.8,-2316.6,-1867.6,-1806.7,-1231.8,6278.4,-3612.0,1047.7,40006.6,12436.2,18874.8,-3267.7,87.5,88.9
71,-1751.1,-1364.3,-2295.4,-2151.1,-2306.0,-1645.1,-1434.5,-1994.8,-1472.9,-1508.7,-1834.5,6800.2,-459.6,-923.2,-4875.7,149.7,-15560.8,300.7,87.5,88.9
72,1688.8,-3670.3,-3960.4,-4365.7,-3948.5,12784.5,-637.1,-1106.0,-687.4,-666.2,-600.0,7336.7,-2412.0,-2667.6,35337.6,-2378.9,14160.7,-2818.6,87.5,88.9
73,-1854.4,-1763.0,-2053.0,-1937.8,-1515.3,-2292.8,-98.0,-598.7,-796.1,-372.2,-712.6,-2763.0,-1294.1,-1826.6,14363.4,-1728.5,14939.6,-1417.3,87.5,88.9
74,875.5,1535.2,830.5,1009.3,911.3,634.5,72.9,-121.9,-294.0,-95.4,321.9,-2510.0,411.9,-611.9,-5065.1,78.1,683.5,539.1,87.5,88.9
75,-981.5,-437.1,-870.2,-1046.4,-1076.9,-401.3,1434.5,608.0,960.3,598.7,1115.3,-1314.0,-1582.8,-1725.9,20056.3,3896.8,4126.0,-1409.3,87.5,88.9
76,-1008.0,109.9,-605.3,-1323.2,-670.2,-79.5,-1476.9,-1291.4,-1531.2,-1227.9,-1508.7,-4047.8,-2306.0,-4253.1,30149.4,8175.1,14045.5,-2618.6,87.7,88.9
77,-2283.5,-1515.3,3622.6,-1797.4,-2443.8,3184.2,-1569.6,-1927.2,-2055.7,-1900.7,-2302.1,6538.0,-1801.4,2308.7,19538.4,8771.2,-800.0,-1577.5,87.5,88.9
78,-23.8,907.3,316.6,706.0,-63.6,-31.8,-1045.1,-1508.7,-1643.8,-959.0,-1778.9,-3879.6,-706.0,-1757.7,9810.9,-875.5,-5324.7,-902.0,87.5,88.9
79,-1602.7,-985.5,-1110.0,-1748.4,-1853.0,-2034.5,-170.9,-872.9,-1019.9,-691.4,-1343.1,-3621.3,-833.1,-1706.0,25641.9,-1288.8,-327.2,-1092.8,87.5,88.9
