工件号： 418测试角度
检测时间： 2018/4/18 14:37:30
测量长度： 54 灵敏度： 3
0,-49.0,737.8,4503.5,249.0,14.6,9059.9,-4171.0,-768.2,-1378.9,-638.4,-1535.2,-1453.0,-1190.8,-5152.5,23494.8,-33556.1,-48522.2,-5847.9,84.1,71.8
1,584.1,1294.1,177.5,611.9,455.6,-721.9,-2164.3,748.4,155.0,1380.2,745.7,223.8,8587.0,36611.8,34036.9,46556.5,8171.1,38145.7,84.1,71.8
2,-466.2,-27.8,-794.7,441.1,-581.5,4200.1,32115.0,-1376.2,13258.7,-1663.6,-2046.4,50266.6,-2626.6,-7591.0,17102.6,-18317.2,-6934.0,-6580.4,84.1,71.8
3,-254.3,683.5,-260.9,721.9,-541.7,-1621.2,1482.2,984.1,-1547.1,792.1,-359.0,19755.6,1340.4,-3445.1,-33221.0,-30775.9,-52396.5,-2634.5,84.1,71.8
4,805.3,1221.2,5576.3,1147.1,634.5,5383.0,-3743.2,-1217.3,-1475.5,-1104.7,-2914.0,-1735.2,1863.6,-4417.4,-33115.0,-26541.3,-3361.7,4041.2,84.1,71.8
5,715.3,703.3,-255.6,776.2,333.8,-1145.7,-1822.6,549.7,1092.8,927.2,972.2,626.5,-3381.6,22535.9,22274.9,16701.2,-8346.0,-1564.3,84.1,71.8
6,1125.9,2630.6,578.8,1894.1,1229.2,-209.3,52054.7,-3495.5,49832.1,-1850.4,34039.6,54623.0,-517.9,-3409.4,-13168.7,-31214.3,-41205.4,5899.5,84.1,71.8
7,117.9,479.5,30.5,148.3,710.0,-78.1,32137.5,-2721.9,12935.5,-2608.0,2520.6,39859.6,-1541.8,-7661.2,12898.4,-7345.9,-8318.2,-3941.9,84.1,71.8
8,-972.2,-1719.3,-1694.1,-845.1,-847.7,-2193.5,-3414.7,-435.8,-396.0,920.6,-504.7,4665.1,-890.1,-7756.6,7963.2,-23702.8,9221.5,1657.0,84.1,71.8
9,850.4,748.4,344.4,1629.2,969.6,-376.2,-569.6,2396.1,2919.3,3073.0,2331.2,2672.9,2299.4,-4200.1,-28130.7,-31537.5,-33107.1,10963.3,84.1,71.8
10,3571.0,2887.5,2948.4,3143.2,3194.8,2796.1,-2512.7,-21.2,-26.5,267.6,-200.0,4948.5,-2604.1,7568.5,10840.1,7520.8,-36848.9,47613.5,84.1,71.8
11,1774.9,2614.7,997.4,2984.2,2279.5,729.8,-3076.9,937.8,9.3,1976.2,1045.1,-1198.7,1235.8,-2167.0,-22790.2,-29942.7,-53273.3,-386.8,83.8,71.8
12,340.4,956.3,106.0,1062.3,961.6,14887.9,6744.6,-176.2,9822.8,459.6,-483.5,19700.0,960.3,-3461.0,-22982.2,-30905.7,-27891.0,-376.2,84.1,71.8
13,1168.3,1967.0,1286.1,2367.0,1267.6,388.1,-1842.4,1935.2,1589.5,1920.6,989.4,359.0,-1243.8,-6194.9,2416.0,-32952.1,-28611.6,-3492.8,83.8,71.8
14,415.9,319.2,-502.0,-103.3,-359.0,-370.9,6625.4,-1115.3,3385.5,-1851.7,-2684.9,8393.7,-797.4,-8442.7,-18756.9,-13068.0,8826.8,3049.1,83.8,71.8
15,-1295.4,-988.1,3364.4,-945.7,-1397.4,8610.9,2335.2,-864.9,4886.3,249.0,4761.7,-312.6,-300.7,-6576.4,-13412.4,-28745.3,-31985.2,10653.3,83.8,71.8
16,-1396.1,-1120.6,-2487.5,-927.2,-1472.9,3373.6,6482.3,-1647.7,9151.3,-878.2,-1376.2,4182.9,-932.5,8192.3,12287.8,2378.9,8161.9,1272.9,83.6,72.0
17,-1626.5,-1720.6,13779.3,-1883.5,-1027.8,8915.5,-3545.8,-1557.7,-1441.1,-1461.0,3731.3,8931.4,-2520.6,17394.0,32544.1,22575.6,3167.0,2168.3,83.6,72.0
18,3164.3,-1827.9,13387.2,-2088.8,-2209.3,18815.2,1166.9,-1641.1,3749.8,-544.4,-1153.7,3409.4,-525.8,-6771.1,-2335.2,-27761.2,9005.6,4224.0,83.6,71.8
19,288.8,-467.6,-626.5,300.7,7.9,-283.5,6005.5,-4043.8,-2576.2,-3276.9,17619.1,29362.6,-1121.9,2781.6,27812.9,7907.6,-8522.1,16917.1,83.6,71.8
20,-405.3,-831.8,-990.8,347.0,-662.3,-1112.6,-3002.7,-1239.8,-1377.5,-1304.7,-1482.2,-605.3,-1835.8,-8000.3,12269.3,-7408.2,-24473.7,-4175.0,83.4,71.8
21,2296.8,2891.5,1855.7,3614.7,2687.5,1535.2,-2119.3,696.7,782.8,1604.0,1368.3,4935.3,-3274.3,-3026.6,38580.1,-2651.7,4447.8,-1866.3,83.6,72.0
22,4564.4,-871.6,4404.1,-143.1,-578.8,9740.7,1935.2,-1597.4,-1161.6,-472.9,-1152.4,4588.2,-4055.8,15335.6,36646.3,37401.3,5890.3,8866.5,83.6,72.0
23,-402.7,-426.5,-919.2,-225.2,-870.2,-1115.3,32178.6,-2809.4,24271.0,-1712.6,3320.6,50037.4,235.8,-5977.7,-2349.7,-32492.5,-35980.0,4182.9,83.6,71.8
24,-723.2,-255.6,14625.7,-642.4,-1075.5,14381.9,1588.1,-276.8,5050.5,-268.9,-1137.8,4128.6,-1447.7,3622.6,7238.7,-12559.4,-35267.4,12799.1,83.6,71.8
25,221.2,700.7,-249.0,1544.4,815.9,-578.8,31711.0,-2835.9,18175.4,-1879.5,2567.0,39784.1,-887.4,-3975.0,2486.2,-31746.8,-31517.6,6441.3,83.6,72.0
26,-427.8,-116.6,-1051.7,932.5,-215.9,3552.4,21754.4,-1331.2,8038.7,-528.5,3888.9,29373.2,-3912.7,-7043.9,37892.7,-8165.8,-4773.7,7255.9,83.4,72.0
27,-1504.7,-1284.8,3703.4,-1198.7,-1494.1,4324.6,-3198.8,-307.3,-539.1,92.7,-755.0,-953.7,-614.6,-5504.8,-13086.5,-27301.6,-18262.9,-2598.8,83.4,71.8
28,-1410.6,-1907.3,-2095.4,-1510.0,-1536.5,-1857.0,12147.4,-3091.5,8459.9,-1910.0,2610.7,14122.3,506.0,-7716.8,-17968.8,-7618.8,7720.8,4352.5,83.4,72.0
29,-296.7,-703.3,-915.3,-498.0,-482.1,-631.8,-3878.3,-1732.5,-743.1,-899.4,-1862.3,-849.0,355.0,-2943.1,13303.8,2531.2,-14323.7,-3140.5,83.4,71.8
30,805.3,650.4,404.0,774.9,494.1,682.1,-2638.5,-637.1,-630.5,-345.7,-825.2,-668.9,-202.7,-3220.0,-23836.6,-7769.8,-14225.6,-2710.0,83.4,71.8
31,663.6,396.0,470.2,670.2,141.7,211.9,2992.2,-1013.3,-605.3,-956.3,-1388.1,4356.4,-168.2,-7951.3,-29230.1,-18032.4,-23059.1,12328.9,83.4,71.8
32,845.1,165.6,87.4,471.5,658.3,129.8,-2764.3,-1107.3,-611.9,-741.7,-698.0,-590.7,-913.9,16854.9,7540.7,23343.8,-2016.0,3308.7,83.6,71.8
33,263.6,196.0,-547.0,622.5,4.0,-1373.6,47071.8,-4355.1,-48528.8,-4014.7,11801.7,70855.4,-3724.6,23286.9,27106.9,12697.1,-20489.4,11209.6,83.8,71.8
34,69709.6,-6494.3,69289.7,4967.1,-6355.2,70125.5,67342.7,-7099.6,53052.1,-674.2,48139.4,75242.3,14436.2,25227.3,34398.5,40559.0,766.9,24294.9,84.1,71.8
35,12518.3,-3945.8,17509.2,2911.4,-3368.3,18358.2,47567.2,-5598.9,43559.1,-4540.5,11825.6,55129.0,1523.2,26603.5,37139.0,26853.9,-11535.5,15074.7,84.3,71.8
36,7139.3,-3859.7,28597.0,-2690.2,-3818.7,39593.4,51485.2,-5996.2,68959.9,-4810.8,53452.1,74936.3,4727.3,30983.8,35340.3,35982.7,-9934.1,21774.2,84.3,71.8
37,53698.5,-7230.7,68925.5,21829.9,-839.8,53740.9,16950.2,-4348.5,17983.4,-2231.9,7695.6,19015.2,-4092.9,26234.0,37074.1,37116.5,3608.1,9636.1,84.6,71.8
38,69620.9,-7424.1,74186.6,-549.7,-6659.8,80638.5,72807.7,-8004.2,73991.9,-1295.4,79413.3,80014.6,-4073.0,36607.9,37076.7,41744.4,-7987.0,11429.5,84.8,71.5
39,8081.1,-3862.4,34182.6,-2437.2,-3914.0,28977.1,47062.5,-6096.9,48397.6,-4997.5,43013.4,71087.2,-2100.7,11792.4,23006.1,6842.6,-15060.1,31079.2,84.8,71.5
40,17839.0,-4384.3,28259.2,-3279.6,-3698.1,28928.1,47028.1,-6139.3,38251.6,296.7,37849.0,55159.5,-4193.5,46398.9,19758.3,30458.0,7369.8,5703.5,85.0,71.5
41,28084.4,-4922.0,54330.3,-4119.3,-4345.8,33936.2,51250.7,-7568.5,63320.0,20008.6,57197.9,59241.7,-4584.3,56306.5,35826.4,40355.0,-2767.0,14583.3,84.8,71.5
42,13114.3,-2833.2,17882.7,-2839.8,-3959.1,18632.4,40755.0,-6126.0,58270.8,20647.1,42402.7,54038.9,-1691.4,-4063.7,18339.7,12844.1,-12200.4,18064.2,84.8,71.5
43,-1830.5,-2165.6,13425.6,-2246.4,-2198.7,9326.1,42378.9,-4960.4,38878.1,-4739.2,38492.7,39659.6,-2304.7,11050.7,33272.6,37944.3,2434.5,14906.5,84.6,71.3
44,4004.1,-1768.3,14558.1,-1406.7,-1982.8,8898.3,31116.3,-4371.0,38021.1,12717.0,27734.7,34100.5,-1415.9,-7756.6,12483.9,2853.1,-40254.3,42095.5,84.3,71.5
45,5275.7,389.4,-290.1,479.5,-796.1,4533.9,-3151.1,91.4,-1347.1,-263.6,-189.4,-1388.1,-1993.4,3572.3,17584.7,-7772.4,-29118.9,15587.3,84.6,71.5
46,4968.4,-99.3,9968.5,-75.5,-981.5,23941.2,6775.1,-606.6,4202.8,-499.4,-830.5,14192.5,313.9,-6700.9,-23277.6,-28122.8,-858.3,3882.2,84.3,71.5
47,74304.5,-6716.8,79510.0,15617.7,-6883.7,74259.4,71879.2,-7826.8,68426.1,-5318.1,47597.6,79422.5,9877.2,36223.7,34519.0,41486.2,-8286.4,24889.6,84.6,71.5
48,53930.3,-5838.6,54785.9,-4222.7,-4752.5,55306.5,36762.8,-6138.0,33193.2,-4551.1,43177.6,28697.7,-5614.8,50697.1,30242.1,45209.5,2727.2,14095.8,84.6,71.5
49,2896.8,-3841.2,7422.8,-3025.3,-3755.1,9301.0,51485.2,-7810.9,52687.9,45806.8,56734.4,59758.3,-4361.7,68272.5,35950.9,42474.3,-2883.5,3722.0,84.8,71.3
50,68538.7,-7241.3,78724.5,30928.2,2923.3,74696.5,62878.9,-5442.6,64031.3,-5000.2,49026.8,65188.9,-4220.0,36270.1,37009.2,47261.2,-10401.7,28542.7,85.0,71.3
51,5103.5,317.9,3884.9,-258.3,-1148.4,14125.0,-842.4,3284.9,1184.1,1827.9,1723.2,1237.1,-535.1,51169.9,13213.7,22391.5,-690.1,7560.5,85.5,71.3
52,6375.0,5734.0,5232.0,5861.1,5299.5,5070.4,-920.6,2167.0,1329.8,368.2,671.5,1227.9,-467.6,64795.6,1959.0,36856.9,2621.3,6050.5,85.5,71.0
53,4092.9,4720.7,3643.8,3241.2,3605.4,2495.4,1970.9,5421.4,5228.0,4441.2,3808.1,3794.8,3295.5,36332.3,-42155.1,12690.5,-11539.5,16861.5,85.8,71.0
