工件号： 418测试角度
检测时间： 2018/4/18 14:38:00
测量长度： 54 灵敏度： 3
0,-740.4,-3518.0,14744.9,-2491.5,-1863.6,5943.2,-9960.6,-2450.4,-4625.3,-1635.8,-1703.4,-23316.0,5149.8,-2547.1,-47859.9,-8735.4,1037.1,4454.5,87.7,0.0
1,-2484.9,-268.9,2437.2,-165.6,-1366.9,8540.7,14770.0,-4054.4,4465.1,-3775.0,16484.0,7686.4,-1062.3,-2400.1,16876.1,12477.2,2907.4,-3539.2,87.2,0.2
2,25698.9,-1708.7,32239.5,-1153.7,-2993.5,48694.3,-4559.1,-2094.1,-3009.4,-1914.0,-1227.9,-7070.4,-3389.5,-2698.1,32132.2,48530.1,1851.7,-4663.7,87.0,0.2
3,-5772.4,-2219.9,1827.9,-2229.2,-3322.0,28427.4,-8708.9,569.6,-1042.4,280.8,1102.0,-18084.1,-166.9,3029.2,-24306.8,-565.6,-46646.6,-549.7,87.0,0.2
4,-2023.9,-4475.6,-476.8,-4551.1,-3666.3,-1072.9,-4172.3,-2598.8,7787.0,-3352.4,12566.0,-2890.2,3820.0,3761.7,-49979.2,-6379.0,-62995.5,1606.7,87.0,0.2
5,-1094.1,-3205.4,-253.0,-2719.3,-2344.4,-253.0,5376.3,-2439.8,11440.1,-1996.1,-1520.6,22028.6,-3222.6,-1623.9,26936.0,17857.6,-3124.6,5633.3,87.0,0.2
6,-1316.6,-1543.1,-2378.9,-1376.2,-2135.2,-339.1,9902.3,-4437.2,5177.7,-3729.9,6657.2,17484.0,1989.5,3339.2,-8547.3,22648.4,2708.7,-441.1,86.7,0.5
7,-1288.8,-3210.7,-1165.6,-2810.7,-2862.3,1304.7,-10203.0,-4385.6,-2725.9,-2990.8,-1062.3,-7441.3,3620.0,2928.6,-32703.1,-4507.4,-56933.0,2051.7,86.7,0.5
8,-1982.8,-2545.8,-1275.5,-1996.1,-1672.9,9.3,-8275.8,-1698.1,-1229.2,-462.3,3091.5,-37235.7,1037.1,1484.8,-24264.4,-6973.7,-57562.2,582.8,86.5,0.5
9,-1939.1,-5094.2,-3194.8,-4527.3,-3523.3,321.9,-6441.3,-3421.3,-377.5,-1997.4,259.6,-32554.7,2767.0,7310.2,1871.6,22906.7,-8575.1,1148.4,86.3,0.7
10,-727.2,-5086.3,-916.6,-5086.3,-3010.7,1570.9,2219.9,-4381.6,2736.5,-1366.9,997.4,-32220.9,1812.0,-4768.4,27369.1,17326.4,1596.1,973.5,86.3,1.0
11,-692.7,-5849.2,22.5,-5940.6,-3862.4,703.3,7900.9,-5743.2,12310.3,-3916.7,7752.6,-31807.7,5171.0,32036.8,-39370.9,38607.9,-1716.6,3739.2,86.0,1.4
12,1038.4,-2968.3,732.5,-2288.8,-1617.3,2300.7,-5355.1,-6947.3,-5888.9,-5583.0,6090.3,-33537.5,1612.0,41978.9,11999.1,42480.9,-2820.0,185.4,86.0,1.0
13,-2079.5,-6681.0,4671.7,-6865.1,-4628.0,291.4,-218.6,-6964.5,-4659.8,-5136.6,12471.9,-35972.1,3029.2,-3727.3,-34137.6,22575.6,-50.3,1254.3,86.0,1.4
14,-2165.6,-4635.9,-1279.5,-4959.1,-3500.8,125.8,-9095.7,-4576.3,-3270.3,-3374.9,-806.6,-35548.2,245.0,-2475.6,-8659.9,23090.8,-13123.6,-602.7,86.0,1.2
15,-3364.4,-2406.7,-1602.7,-2654.4,-1935.2,-1291.4,-9495.7,-911.3,-3627.9,205.3,1543.1,-38358.9,633.1,1916.6,-23543.8,9527.5,-47861.2,-821.2,86.0,1.0
16,-3589.5,-4563.1,-2802.7,-3614.7,-3857.1,-1618.6,-10169.9,-5278.3,-4002.8,-4976.3,-3074.3,-27838.0,639.8,-4229.3,-13226.9,48544.7,2721.9,-2173.6,86.3,0.7
17,-760.3,-1880.9,11689.1,-1986.8,-2393.5,13294.5,-8857.3,-2128.5,-2899.4,-1026.5,1148.4,2381.5,-243.7,-1229.2,17314.5,12440.2,-12113.0,-3463.7,86.3,0.5
18,-3462.4,-2919.3,2945.8,-2476.9,-3482.2,3504.8,-10073.2,-4141.9,-3218.7,-3437.2,-1994.8,-33325.6,-79.5,18331.7,6232.0,43104.8,2593.5,-1331.2,86.7,0.5
19,378.8,-1143.1,2414.7,-1259.6,-1406.7,-529.8,14543.5,-4063.7,-213.3,-2302.1,1629.2,33460.7,-1194.7,2381.5,7180.4,-6618.8,-36441.0,67.6,86.7,0.5
20,-361.6,-2014.6,527.2,-2469.0,-2026.6,-951.0,-10538.1,-2457.0,-4473.0,-1936.5,-662.3,-7037.3,4194.8,1778.9,-49192.4,-5900.9,-26954.5,1707.3,86.7,0.5
21,-3378.9,-3684.9,-2553.7,-3827.9,-3887.5,7359.2,-9041.4,202.7,-2667.6,1423.9,2833.2,-38041.0,-340.4,1735.2,-18666.9,-5629.3,-52865.3,-952.3,86.7,0.5
22,-1584.2,-2083.5,-494.1,-2390.8,-1756.4,92.7,-8438.7,700.7,-3650.5,1667.6,-586.8,-35589.3,921.9,3859.7,-8511.5,10053.3,-120075.6,-1115.3,86.5,0.5
23,-218.6,-1363.0,-294.0,-945.7,-15.9,1429.2,-8177.8,-651.7,-3996.2,-206.6,-1749.7,-34447.5,1700.7,817.2,-23256.4,8516.8,-13240.2,5649.2,86.3,0.7
24,-3129.9,-3627.9,-3424.0,-3258.4,-2895.5,-2156.4,-4137.9,-324.5,638.4,-1872.9,33316.3,-36390.6,1589.5,-131.1,-13323.6,-3010.7,2675.6,-254.3,86.3,1.0
25,990.8,-1009.3,601.3,-773.5,-229.1,1325.9,-10330.1,-3568.3,-855.7,-4296.8,57028.4,-37989.4,4812.1,2272.9,-46910.2,-499.4,-5804.2,4388.2,86.0,1.0
26,-2208.0,-4568.4,11086.5,-3639.9,-4143.2,10546.0,-9000.3,-5801.5,-3153.7,-2674.3,-1537.8,-32431.6,1050.4,31893.8,-9759.3,31726.9,-14.6,-1825.2,86.0,1.4
27,-3295.5,-5020.0,6682.3,-4560.4,-4103.4,54.3,-9955.3,-4490.2,-3030.6,-3054.4,-295.4,-18209.9,2845.1,-1381.5,-48791.0,-7368.5,-11381.8,1590.8,85.8,1.4
28,-1671.6,-1084.8,-2588.2,-198.7,-773.5,-343.1,-5892.9,-1765.6,-4098.2,-242.4,2989.5,8012.2,598.7,1514.0,-13926.3,-6788.3,-21649.7,-362.9,85.8,1.4
29,-1972.3,-3069.0,-1170.9,-3218.7,-2107.4,-336.4,44275.7,-10147.4,39219.9,13195.1,46151.2,28055.2,34.4,-2567.0,22588.8,22358.4,-2805.4,-2262.3,85.8,1.4
30,-3877.0,-3088.8,-3270.3,-2567.0,-3282.2,3012.0,-8040.0,-2249.1,-1441.1,-1729.9,4798.8,-36248.9,2586.8,-578.8,-18758.2,-7430.7,-15982.0,-1057.0,86.0,1.2
31,9561.9,-2843.8,-2508.7,-3972.3,-4877.0,12836.2,-4899.5,-3406.7,-3405.4,-2793.5,3894.2,8028.1,-3820.0,-964.3,31718.9,17142.3,3837.2,4614.7,86.0,1.2
32,4210.7,-1740.5,16979.4,-2748.4,-3067.7,14458.8,-9200.3,-2155.0,-908.6,-1470.2,1426.5,28481.8,-2731.2,-1019.9,16568.8,17594.0,-16858.8,-1251.7,86.0,1.0
33,-2586.8,-247.7,516.6,-267.6,-822.5,38543.0,-548.4,-2186.8,-798.7,-1655.7,1474.2,17868.1,472.9,3284.9,-13486.5,-6398.9,-57555.6,381.5,86.0,1.0
34,-4200.1,-4274.3,-2092.8,-3651.8,-3400.1,38535.1,-196.0,-944.4,5075.7,-1140.4,4124.6,-22616.7,613.3,-970.9,-3283.6,2006.7,2307.4,-1325.9,86.0,1.4
35,423.9,-2451.7,692.7,-2896.8,-1833.2,169.5,-10289.1,-2061.0,153.6,-1907.3,2552.4,-32614.3,-819.9,3744.5,1180.2,1410.6,1363.0,-116.6,86.0,1.4
36,466.2,-5067.7,-486.1,-4234.6,-2817.3,2835.9,-7302.2,-3486.2,-1415.9,-394.7,879.5,-29046.0,3209.4,42420.0,-13211.0,7094.3,-517.9,210.6,85.8,1.4
37,1494.1,-5491.6,377.5,-3736.5,-2217.3,4304.8,-6304.8,-2666.3,-1809.3,-19.9,1430.5,-29770.5,4662.4,26528.0,-38272.8,17539.7,339.1,1437.1,85.8,1.4
38,747.0,-4756.5,3023.9,-2986.9,-1982.8,2561.7,-7723.4,-2392.1,-2141.8,-470.2,747.0,-34662.1,590.7,17237.7,-8381.7,33129.6,-4107.4,-1084.8,85.8,1.4
39,739.1,-1646.4,-547.0,-1193.4,-937.8,3761.7,14763.4,-4982.9,9540.7,-3001.4,-254.3,27411.5,-459.6,237.1,-8882.4,-8353.9,-17035.0,-843.7,85.8,1.4
40,839.8,-2963.0,-1731.2,-2263.7,-2118.0,2755.1,-6416.1,96.7,1613.3,1589.5,5557.8,-12689.2,2696.8,743.1,-47126.1,2261.0,-26343.9,-80.8,85.8,1.4
41,-3582.9,-3907.4,17148.9,-3733.9,-4659.8,12705.1,21485.5,-3916.7,-3348.5,-2834.5,-333.8,-22988.9,-936.5,-913.9,32264.7,11813.6,-6163.1,-4063.7,85.8,1.4
42,-255.6,-3568.3,-2303.4,-5213.4,-4365.7,48401.6,-9955.3,-2610.7,-3578.9,-2953.7,18408.6,-36766.8,-4018.7,16457.5,29544.0,67824.8,450.3,-5126.0,86.0,1.2
43,1194.7,-4352.5,-1694.1,-4516.7,-4780.3,38847.7,-5037.3,-3002.7,-4851.8,-3182.9,42846.5,-34625.0,385.4,-728.5,-3475.6,6800.2,-11910.3,-981.5,86.0,1.0
44,-2118.0,1082.2,352.3,927.2,-471.5,13025.6,9621.5,-2283.5,10580.5,-1921.9,24309.4,-22961.0,977.5,2274.2,-23588.9,-1581.5,-26706.9,-411.9,86.0,1.0
45,-4341.9,-5077.0,1780.2,-5315.4,-4220.0,10106.3,-10918.2,-5045.2,-4420.0,-4398.8,11779.2,-28204.9,2013.3,4030.6,-8658.6,28071.1,2751.1,108.6,86.0,1.0
46,-3947.2,-1356.3,-2216.0,-2229.2,-3014.7,23502.8,45708.8,-5511.4,9250.6,-5364.4,16605.9,8409.6,404.0,-1336.5,-18864.2,12477.2,3371.0,-1107.3,86.0,1.0
47,-13.2,-364.3,324.5,-181.5,-1177.5,5496.9,-9422.8,-2810.7,-2194.8,-1649.1,205.3,-27181.0,2329.9,-2831.9,-44367.1,-3500.8,2561.7,1437.1,86.3,1.0
48,-2745.8,-2160.3,-1687.5,-2682.2,-3062.4,12844.1,-638.4,-3771.0,-4651.8,-2822.6,-441.1,7748.6,3394.8,-993.4,-44096.8,3327.3,-6637.3,1435.8,86.5,0.7
49,-3451.8,-4662.4,-1523.2,-4539.2,-4220.0,3490.2,-8767.2,-2676.9,-2988.2,-952.3,1581.5,-32885.9,3156.4,-1054.3,-34331.0,-2694.1,3614.7,857.0,86.7,0.7
50,-160.3,-4163.1,513.9,-2861.0,-2242.5,1933.8,-8183.1,-1536.5,-1802.7,-797.4,1267.6,-31909.7,19.9,-3079.6,7340.6,32953.4,2817.3,-439.7,87.0,0.5
51,-1559.0,-3933.9,-1418.6,-3323.3,-3390.8,9150.0,-9037.4,329.8,-3180.2,2357.7,4879.6,3124.6,-385.4,-96.7,-8755.3,3152.4,-7179.0,-441.1,86.7,0.5
52,-3724.6,-4590.9,-1047.7,-4741.9,-1957.7,4261.1,-10448.0,-3830.6,5485.0,-2960.4,2879.6,17995.3,770.9,-1523.2,-13446.8,11788.5,2825.3,-157.6,86.7,0.5
53,-972.2,-6764.5,-3841.2,-5255.8,-5914.1,3618.7,-8899.6,-2503.4,-1643.8,-1129.8,1385.5,-31936.2,205.3,-1259.6,7290.3,22733.2,-13187.2,-1980.2,86.7,0.2
