工件号： 419测试
检测时间： 2018/4/20 9:38:43
测量长度： 44 灵敏度： 3
0,-10783.1,1092.8,62347.8,4026.6,1374.9,-10273.2,2425.2,2789.5,3412.0,2163.0,2290.1,-1124.5,437.1,1588.1,-24388.9,-6646.6,-3616.0,327.2,89.6,52.9
1,-9302.3,3340.5,51997.8,5271.7,3830.6,-18636.4,2382.9,1519.3,3882.2,1655.7,1696.7,-973.5,-2369.6,1208.0,1684.8,8322.1,-8768.5,-5025.3,89.6,53.2
2,-7176.4,1043.7,27514.8,1821.3,1827.9,-17627.1,3523.3,1896.8,5588.3,1005.3,1949.7,-647.7,-5135.3,1839.8,6475.7,-7502.2,-43854.5,-10094.4,89.6,53.2
3,-2940.5,5098.2,21910.7,8195.0,6047.9,-12816.3,5249.2,4948.5,7498.3,4194.8,3777.6,366.9,-4001.5,2827.9,-14295.8,-6883.7,-52262.7,1397.4,89.6,53.2
4,-6445.2,-660.9,-11440.1,34170.7,-1458.3,-16892.0,4805.5,759.0,5401.5,-309.9,507.3,2347.1,-5751.2,-312.6,22100.1,-8187.0,-44233.3,36398.6,89.6,53.2
5,-6759.2,-1857.0,-11086.5,21500.1,-2026.6,-17656.2,1875.6,-1492.8,4306.1,-2155.0,-1063.6,-1721.9,-5055.8,49136.7,797.4,42711.4,23529.3,41892.8,89.9,53.2
6,-6777.7,-2213.3,-17394.0,-3514.0,-1257.0,-18578.1,668.9,87.4,3465.0,-1907.3,-744.4,-1968.3,-1315.3,45367.1,-13302.4,21681.5,23555.8,-5435.9,89.9,53.4
7,-7229.4,-2846.5,3273.0,-1278.2,-1174.9,-18167.5,3300.8,-1104.7,1223.9,-2798.8,3302.1,6428.0,-1977.5,50452.0,17587.3,41928.6,20931.8,-4110.1,89.6,53.4
8,-8645.3,-4730.0,1774.9,-1902.1,-1246.4,-15081.3,-2014.6,-1013.3,410.6,-2212.0,-2033.2,22618.0,1237.1,72696.5,-22659.0,72744.2,17376.7,-2098.1,89.6,53.4
9,-3388.2,-35.8,-14237.6,3039.8,3654.4,-16368.8,234.4,1266.3,1704.7,1123.2,172.2,-1231.8,5686.3,70215.6,-19681.5,27426.1,20794.1,2976.3,89.9,53.4
10,-4084.9,3276.9,2669.0,9463.9,5941.9,-16530.4,430.5,2947.1,2479.6,2582.9,1732.5,9009.6,5330.0,-3900.8,-20052.3,-7251.9,23187.5,5581.6,89.6,53.4
11,-9021.5,3669.0,8572.5,4936.6,4243.9,12346.1,1936.5,2785.5,2059.7,2243.8,2353.7,23.8,2053.0,-127.2,-6120.7,8287.7,25439.3,2845.1,89.4,53.4
12,8820.2,1788.1,-2606.7,-1295.4,1401.4,15117.1,6092.9,695.4,6108.8,-296.7,649.0,1068.9,3606.7,-4002.8,-20108.0,17873.4,14740.9,2732.5,89.4,53.2
13,35843.6,5470.4,37635.7,2045.1,4594.9,31499.1,3416.0,3984.2,1747.1,2506.0,4483.6,4420.0,5734.0,3298.1,-19098.7,-5808.1,-18889.4,8283.7,89.4,53.2
14,-5720.7,2476.9,-9800.3,10555.3,1600.1,20986.1,10502.3,25.2,17648.3,2895.5,5862.4,8965.9,8046.6,6765.8,-14262.7,-3936.6,-18439.0,18162.2,89.4,53.4
15,36819.8,37597.3,11637.5,57934.4,48181.7,55944.9,66423.4,38936.4,68722.8,64048.5,69558.6,48359.2,1458.3,75376.0,26121.4,28113.5,-15424.4,24766.4,89.4,53.2
16,67627.4,9718.2,24659.1,32322.9,7595.0,23878.9,13254.7,577.5,23820.7,20831.2,14387.2,52947.5,89973.9,148088.4,6267.8,21914.6,-18513.2,123655.8,89.6,53.4
17,69141.4,58425.8,-75772.1,60233.8,43625.3,-15057.5,33292.5,27901.6,20240.4,18558.2,22690.8,133890.6,144459.2,104614.1,99925.2,18788.7,-32121.6,132947.5,89.6,53.4
18,65611.5,136460.2,-85025.4,148268.5,130751.4,-15746.2,87861.2,126229.4,27944.0,109606.3,62505.4,128881.1,83480.9,43961.7,123800.2,6295.6,3275.6,153756.2,89.6,53.4
19,58943.7,81168.3,33634.2,84390.9,65057.8,19885.4,54534.3,94364.8,13732.9,104916.1,61734.5,30103.0,123127.3,-58767.5,82447.8,-32770.6,-94066.7,131515.7,89.6,53.6
20,69757.3,-319376.3,32821.0,-250768.7,-201610.7,-60551.7,53682.6,-188289.8,-53853.5,-192144.2,-112130.9,-23271.0,-117325.8,22192.8,-57070.8,-29214.2,-51874.6,-208726.2,89.6,53.6
21,74264.7,-218470.9,397143.1,-201000.1,-167883.8,37180.1,49028.1,-124186.9,-49797.7,-154056.8,-88498.3,-66865.8,-56726.4,-39853.0,-81476.9,-70416.9,-82020.0,-131379.2,89.6,53.6
22,7191.0,-79272.9,238471.6,-91155.4,-66812.8,46653.2,-41033.2,-63755.8,-57756.9,-56457.5,-51642.8,-76523.1,18405.9,-69842.1,-57168.8,-73032.9,-93527.6,10438.8,89.6,53.6
23,3425.3,-133332.9,76464.8,-79325.8,-72695.2,-3059.7,-65374.4,-76758.9,-65623.4,-92334.2,-51760.7,-115648.9,-23155.7,-64504.2,-104496.2,-76487.3,-122119.3,-96521.1,89.4,53.9
24,-70067.3,-199124.6,-273843.6,-197655.6,-152113.7,-52285.2,-75193.3,-134849.6,-47323.4,-112301.8,-116463.5,-156435.7,-29921.5,3899.5,-119507.3,-69032.8,-66498.9,-227724.2,89.4,53.9
25,59088.1,-64093.5,119631.8,18412.5,-65011.5,56711.8,-46092.9,-78899.3,65690.9,-85010.8,-77970.8,-85769.8,14354.1,-27231.4,-98346.3,-34313.7,-58166.2,116213.2,89.2,53.9
26,112154.8,-120426.6,216919.9,-50670.6,-83963.1,53939.6,-49183.1,-75826.4,-13905.1,-91509.0,-67271.1,-62644.5,-83201.5,9433.4,-71439.5,-23656.4,-56386.0,-11287.8,88.9,53.9
27,67565.2,-192659.4,89151.3,-190830.2,-124948.6,-74879.3,-41555.0,-71599.8,-46242.6,-111591.8,-62411.4,-32758.7,32530.9,48580.4,11324.9,-52669.3,-44063.7,-44265.1,88.7,53.6
28,-10762.0,-131748.8,112377.3,-126846.6,-149318.9,-96064.1,-48248.0,-89403.0,-31880.5,-161875.6,-90203.0,-41515.3,-63726.6,25739.9,-112798.5,-75648.9,-98754.3,-58502.6,88.4,53.6
29,-16187.3,-8871.8,39978.8,-44496.9,-54203.1,-90181.8,-213211.1,-91971.3,-69738.8,-156498.0,-102941.2,-294696.0,-107439.4,-47979.1,-191540.2,-64819.4,-122572.3,-36112.5,88.4,53.6
30,-56045.6,86104.9,-169995.1,24310.7,-71529.6,-74742.9,-35601.2,-73417.0,-48461.2,-51869.3,-63512.1,54864.1,-55755.5,-58223.1,56057.5,-85609.5,-121536.5,-58880.1,88.4,53.6
31,-104386.3,9667.9,-228664.6,-41267.6,-60635.1,-132193.8,34349.5,-69766.6,-23012.7,-34063.4,-26928.1,-12750.1,-65547.9,-57364.8,-142486.9,-54332.9,-117150.9,-126565.8,88.7,53.4
32,-21757.0,25868.4,-308732.2,-1329.8,-71533.5,-22534.5,-243017.4,-112487.2,-115805.2,-158071.5,-99391.4,-132162.0,-166099.6,-51527.6,-73418.4,-26406.2,-111395.8,-214129.0,88.9,53.2
33,-124255.8,-46881.0,-214109.2,-76908.5,-127981.8,-185615.5,-37675.4,-165951.3,-230985.2,-134669.4,-147823.5,65940.0,-62725.3,-45590.9,21493.4,-56637.7,-110415.6,-235936.4,89.4,53.2
34,-279781.6,-12809.7,-361434.6,-60722.6,-77650.3,-289683.9,102428.6,-73181.3,-77928.4,-67612.9,-63357.1,174821.8,19211.2,223.8,106420.8,-14628.3,-78720.5,-139476.2,89.6,53.4
35,-219208.7,-209526.2,-483026.8,-233603.9,-200781.6,7398.9,104076.3,-120189.5,53159.4,-213182.0,-118811.9,74791.9,-39037.1,26614.1,-109578.5,-48793.7,-107039.4,-1684.8,89.9,53.2
36,221690.9,-117459.6,-52828.3,-199728.6,-115478.0,155823.8,70329.5,-179853.7,149198.4,-190411.7,-150154.7,-83327.3,-130166.0,-79871.6,-148553.3,-81026.6,-138517.2,-107240.7,90.1,53.2
37,63939.9,-220731.9,-158211.9,-267450.0,-224747.9,134767.4,-129702.4,-257187.4,47602.9,-323873.1,-234981.4,-222055.1,-122596.2,-166191.0,-242371.0,-178766.3,-193599.9,359833.3,90.1,53.6
38,-243025.4,37543.0,-370163.4,101021.9,39423.8,39684.8,-107966.5,-100342.4,-53163.4,-63920.0,-66745.3,-102429.9,157505.9,-73905.8,-2845.1,-103865.7,-129669.3,1026013.2,89.9,53.6
39,-255198.0,-414760.9,-600773.8,-369461.4,-396917.9,-18069.5,-256525.2,-639367.1,-204967.1,-633165.6,-572550.3,-201814.7,510161.5,-671921.9,-110750.7,-647000.5,-877494.3,1836508.0,90.1,53.4
40,-107647.3,-353658.2,-658345.3,-246928.8,-292931.7,100382.2,-180608.7,-596675.6,-125180.4,-510778.7,-525513.0,-119002.7,600948.6,-803298.5,31103.0,-668201.2,-1088660.4,1182651.6,90.4,53.9
41,-142965.1,-382347.9,64688.3,-270438.2,-368264.0,-127089.0,-224039.3,-796710.2,-339335.9,-661415.6,-796311.5,-33753.5,690007.3,-1513015.0,9942.1,-1110841.2,-2195092.2,916316.8,90.1,53.9
42,-10528.8,68488.4,357196.1,117358.9,52199.1,-72044.8,22859.0,-302260.5,-85316.8,-73839.6,-219255.0,151928.3,451436.3,-687629.7,158308.6,-458603.5,-1132222.1,438443.8,90.1,53.6
43,220531.9,454273.5,454073.5,490080.0,481336.7,124589.6,263191.6,433798.7,217094.7,498640.6,418165.0,287860.0,150895.1,248538.1,245565.9,356915.3,182248.5,-164773.7,90.4,53.9
44,278054.4,520638.7,553397.4,536584.9,542977.2,186575.8,274213.2,698692.3,308831.6,721777.9,630794.7,278896.8,-16427.0,669382.7,165757.9,648942.3,761148.7,-440202.8,90.4,54.1
45,308361.3,574617.9,493462.9,543301.7,541630.1,184693.6,268752.1,702888.5,392724.4,721033.5,653420.6,305974.5,-159045.1,810587.5,216931.8,754907.4,931390.2,-581781.1,90.4,53.6
46,290760.7,463940.1,433151.0,446981.9,504544.1,175481.4,325359.3,684205.7,294081.4,655591.5,635935.2,238552.4,-115837.0,790406.6,122957.8,675759.1,923860.1,-594066.3,90.6,53.9
