工件号： 419测试
检测时间： 2018/4/19 14:18:08
测量长度： 44 灵敏度： 3
0,3551.1,-781.5,-44315.4,-2294.1,1249.0,-3001.4,3714.0,-4030.6,-2229.2,-4266.4,-2869.0,-18945.0,3284.9,-4814.7,-37966.8,5262.4,29974.5,5198.8,81.2,55.8
1,1094.1,-132.5,-17082.7,1426.5,4.0,20799.4,-11004.3,46.4,630.5,58.3,180.1,-23562.4,-731.2,-1253.0,7857.2,47344.6,28933.4,-1961.7,80.9,55.8
2,323.2,15.9,-49270.5,-1499.4,-10.6,3723.3,-15861.5,-1061.0,537.8,-1741.8,-157.6,-38256.9,-260.9,-4067.7,-23179.6,-5118.1,33123.0,-3719.3,80.9,55.8
3,-647.7,-2110.0,-8771.2,-3322.0,-845.1,4491.5,-17257.5,-2413.3,-1585.5,-2634.5,-986.8,-38157.6,-30.5,-2348.4,-17710.5,-14709.1,3825.3,-3537.9,80.9,55.6
4,9130.1,-2821.3,26551.9,-2063.6,-1986.8,14307.8,29175.8,-2269.0,-1941.8,-2364.3,-1635.8,11216.3,-2145.8,-994.7,7577.7,-3796.2,13205.7,-3941.9,80.9,55.6
5,-1888.8,-7368.5,-13189.8,-3577.6,-6624.1,14068.0,58448.3,-8293.0,37035.7,-8784.4,35576.0,10584.5,-2091.5,8863.9,-8140.7,11360.6,-6155.2,-5310.1,80.9,55.3
6,3821.3,-6229.3,8274.4,1194.7,-4182.9,39931.1,57874.8,-8686.4,75194.6,13702.4,35658.1,37328.4,16991.3,329.8,6210.8,-4002.8,-16072.1,29660.6,81.2,55.3
7,17129.1,19537.1,-22231.2,24641.9,23998.2,52036.2,52809.7,19656.3,70087.1,16742.3,26143.9,35103.2,18758.2,29759.9,39226.5,37011.8,12973.9,28925.5,80.9,55.3
8,59048.3,-39862.3,-66214.1,26432.7,-1633.2,40608.0,-81303.4,-690.1,-62500.1,39149.7,12846.8,-64774.4,12248.1,51894.5,-18137.0,37687.4,-52054.7,20922.6,80.9,55.3
9,66857.9,53601.8,-55256.2,28562.5,61955.7,59996.7,42410.7,56049.6,48471.8,58015.2,60341.1,30504.3,61444.4,51344.8,31589.1,55574.0,12693.1,72205.1,81.2,55.3
10,70769.3,49564.6,-81054.4,59526.5,58394.0,52976.6,55930.4,49437.4,44205.5,49657.3,55486.6,35927.0,74814.4,71652.7,39570.9,55854.9,24330.6,54315.7,81.2,55.3
11,71985.2,50979.2,23016.7,62840.5,60496.1,51271.9,3421.3,52976.6,51857.4,53273.3,59364.9,15268.1,54592.6,66895.0,38978.8,52138.2,11903.7,14233.6,80.9,55.3
12,44433.3,43431.9,273172.1,22276.2,53571.3,55827.0,24306.8,40430.5,60836.5,49632.1,65424.7,27714.8,69589.1,30373.2,24361.1,32215.7,-17556.9,54072.0,81.2,55.3
13,62992.8,59517.2,46424.1,45581.7,62910.7,61341.1,14061.4,7687.7,32685.9,69622.2,75184.0,31005.0,55995.3,26061.8,21261.6,40818.6,388.1,10205.6,81.2,55.3
14,7795.0,19763.6,-94828.3,66489.6,16036.3,2251.7,10363.3,76697.9,25607.5,64236.6,22121.3,8029.4,20784.8,91917.0,-8580.4,62047.1,47806.9,-22933.2,81.2,55.3
15,18452.3,18619.2,-53921.0,9380.4,28187.7,7675.8,-4650.5,50168.6,55633.7,31961.3,31481.9,-25814.1,25510.8,29191.7,-2208.0,15378.0,-56804.6,90032.2,81.2,55.1
16,37841.0,-17518.5,54795.2,-37898.0,13656.1,8053.3,12776.6,17154.2,9983.1,2063.6,44258.4,100349.1,32239.5,71055.4,119168.2,52465.3,2998.8,15083.9,81.2,55.1
17,39898.0,-57084.0,-270089.9,-99394.1,-51796.4,15861.5,115687.3,39662.3,3490.2,-15808.5,50176.5,84311.4,109091.1,57662.9,1986.8,45654.5,-55538.3,44235.9,81.2,55.1
18,74251.5,4813.4,4597.5,536.4,18937.1,28991.7,45422.7,50710.3,5910.1,46201.5,58411.2,-24196.8,142068.3,62433.9,-24236.6,56137.0,17064.1,145954.6,81.2,55.1
19,59489.4,52653.4,372621.8,-972.2,55913.1,-3147.1,7051.9,46998.9,32321.6,45649.2,52649.4,28337.4,8682.4,56722.4,1202.7,47110.2,-32484.5,125217.4,81.2,55.1
20,26909.5,15774.0,199087.5,19635.1,19490.7,527.2,48730.1,24843.2,72439.5,30918.9,42265.0,17341.0,49632.1,44471.7,26468.4,32162.7,19437.7,156076.8,80.9,55.1
21,-27468.5,53652.1,-410160.8,36088.6,55452.2,-45230.7,28828.8,11381.8,68204.9,18907.9,47849.3,-70953.4,35168.1,5164.4,-31346.7,15674.7,-25501.5,59990.1,80.9,55.1
22,-15838.9,8149.9,-238576.2,26141.3,34627.7,116031.7,46402.9,24728.0,25218.1,24812.8,26497.6,-100335.8,-15253.5,13721.0,-104502.8,18698.6,-23190.2,-34337.6,80.9,55.1
23,45298.2,-4103.4,-30452.7,-32397.1,-13593.8,24308.1,-41552.4,3886.2,43624.0,-22926.6,5322.0,-116781.4,-83904.8,30373.2,-121969.7,36556.2,5343.2,-118804.0,80.7,54.8
24,64718.7,-12780.6,-172044.2,-30189.1,-11196.4,8045.3,8989.7,56494.6,8515.5,53604.4,57235.0,-9999.0,34646.2,65517.4,-96098.6,52768.7,21933.2,-52730.2,80.7,54.8
25,120182.8,15978.0,227953.3,-29353.3,33623.6,46323.4,-25883.0,50678.5,9975.2,52053.4,56159.5,-118096.7,-44510.1,34281.9,-67793.0,52893.2,23493.5,37728.4,80.7,54.6
26,172702.5,102583.6,246044.0,125498.2,81952.4,148867.2,52838.9,64845.9,58235.1,57273.4,42514.0,-6802.9,40237.1,60848.4,2092.8,40443.7,16535.7,11658.7,80.7,54.8
27,128801.7,44482.3,145325.4,91163.3,40258.3,127176.5,11944.8,6992.3,36723.1,12673.3,16091.9,60941.1,36476.7,25428.7,22516.0,-3503.4,-30518.9,-39839.7,80.9,54.8
28,19858.9,1464.9,-212411.1,-8466.5,2441.1,-499.4,-61694.8,37108.5,76415.8,36588.0,38305.9,24603.5,36521.8,38656.9,14163.4,31892.5,-4679.6,-67673.8,80.9,54.8
29,16717.1,-4021.3,-324887.7,-33483.2,-5610.8,-9636.1,51273.2,25032.6,65561.1,31537.5,42777.6,-5830.7,7597.6,7718.1,-25612.8,18082.7,-11138.1,22337.2,81.2,55.1
30,134344.9,-15824.4,485613.6,-25991.6,-23892.2,29113.6,-3884.9,-6896.9,16864.1,-28924.1,-5451.8,26289.6,46809.5,54589.9,-10279.8,45153.8,17730.4,52066.6,81.4,55.3
31,-19104.0,-21991.5,104812.8,-7851.9,-10022.9,46997.6,45075.7,-17730.4,62643.2,-15881.3,-26289.6,-12567.3,-40867.6,-9916.9,-84983.0,-15085.3,-43010.7,5523.4,81.7,55.1
32,105264.5,-55821.7,-43578.9,-83295.5,-98139.7,7704.9,52024.3,-44184.3,30701.7,-37772.1,-44658.5,-108273.8,-151893.8,-70522.9,-144750.6,-89625.5,-116976.1,-20191.4,81.7,55.3
33,22592.8,9885.1,-158850.4,47927.4,-6270.4,7796.3,-104688.3,5614.8,7789.7,-38623.8,-15664.1,-169732.8,-74773.4,52742.2,-139889.5,13279.9,-74994.6,14834.9,81.4,55.1
34,31595.8,64890.9,-175967.5,72729.6,29795.7,55752.9,-16993.9,7777.7,39368.2,274.2,33774.6,-80258.3,47904.9,25861.8,57134.4,14974.0,-22672.3,57723.8,81.7,55.3
35,-65943.9,125522.1,-261317.4,33577.3,11691.8,-66676.4,104591.6,27288.3,70254.0,29130.8,49773.9,149921.6,120967.0,41166.9,208516.9,28826.1,-11580.5,32137.5,81.4,55.3
36,-99865.6,145212.8,-237296.7,130993.8,23521.3,-61648.4,53142.2,39838.4,11204.3,19168.9,16182.0,137664.2,95881.4,3473.0,34203.8,-6683.7,12399.1,33341.5,81.4,55.3
37,-96613.8,145273.7,-174460.2,130032.2,81458.4,-72276.6,-11849.4,14258.8,-71255.4,19244.4,8793.7,-38921.8,-26683.0,6726.1,-124307.5,12609.7,17697.3,39895.4,81.2,55.1
38,-62431.2,134134.3,-111703.1,50090.4,22857.7,12163.3,-42075.6,6175.0,41875.6,10073.2,71745.5,-102788.9,-22282.9,45681.0,-91865.3,54510.4,1723.2,-41671.6,81.4,55.3
39,519.2,110456.7,-99933.2,130645.4,120915.3,14948.8,-52559.4,11063.9,57252.3,11397.7,18890.7,-81565.6,39177.5,27247.3,14636.3,11724.9,-19680.1,42512.7,81.4,55.3
40,135264.1,-24056.4,118113.9,-15873.4,-49164.6,74417.1,-6879.7,-46106.2,25815.4,-31658.0,-43331.3,53130.3,19758.3,-35912.5,65579.7,-45217.4,-89576.5,-66827.4,81.7,55.3
41,80755.0,29273.8,27563.8,36668.8,34618.4,4670.4,57151.6,48863.9,-19617.9,49597.7,60478.8,94009.8,73871.4,21154.4,110407.7,38943.0,17220.4,37321.8,81.7,55.1
42,45230.7,-79566.9,-12089.1,-43100.8,-35790.6,-34190.6,-17262.8,-68652.6,-130420.3,-34415.7,-81552.4,-9034.7,159614.6,53690.5,108660.6,37618.5,-22814.0,26281.7,81.7,55.3
43,-73781.3,-69271.2,-54144.9,-99476.2,-84563.1,-103554.5,3710.1,-55529.0,-37988.0,-65871.1,-54000.5,-21255.0,99522.5,54578.0,99149.0,7047.9,-19647.0,12393.8,81.7,55.3
44,-304158.5,-161690.2,-103105.4,-121237.2,-159437.1,-104126.7,125188.3,-39411.9,97844.3,-105672.4,-46523.4,3441.2,-46087.6,-568.2,-39838.4,-79072.9,-101023.3,43711.4,81.9,55.8
45,-1752.4,-61819.3,-19665.6,-80333.8,-63725.3,98874.8,130164.6,-61914.7,116876.8,-67047.3,-8870.5,-543.1,-47130.1,61486.8,-73444.8,10898.4,-37199.9,29387.7,81.9,56.1
46,192234.3,-160699.4,-20240.4,-150312.3,-127142.0,211293.2,39503.3,-130585.8,112934.9,-139878.9,-147767.9,-110360.0,-158937.8,-34570.7,-147073.8,-128184.4,-77512.5,-109607.7,81.9,56.3
47,168752.7,-157607.9,-63306.8,-150726.9,-135239.0,84379.0,-118324.5,-202528.6,20114.6,-236761.6,-154025.0,-248244.1,-177713.2,-87769.8,-302693.6,-148314.9,-135583.4,-76144.3,82.1,56.8
48,-221913.4,-244467.8,-442975.1,-144865.8,-254914.5,-102626.0,-231540.2,-313305.9,-104116.1,-309582.6,-260998.2,-314033.1,-208916.9,-236213.2,-323136.7,-267313.6,-242176.3,159107.3,82.1,57.0
49,-183996.9,-310587.9,-300710.7,-246126.1,-285633.4,-30593.1,-178280.2,-418721.3,-62795.5,-367845.5,-342023.4,-201495.5,-3571.0,-329827.0,-179806.0,-340455.1,-324437.4,572745.0,82.1,57.3
50,50128.8,-177494.7,-39124.5,-87123.5,-126919.5,167800.3,-71585.2,-283049.2,26586.3,-257163.6,-260037.9,-110823.6,120042.4,-317233.2,-106345.3,-285515.5,-395916.6,680136.7,82.1,57.3
51,-562214.9,-130493.1,-192577.3,-67113.5,-107322.8,34835.6,-103795.5,-363791.0,-65896.3,-280267.7,-318602.7,-106304.2,326004.3,-609143.6,-38259.6,-469765.4,-895402.2,744103.1,82.1,57.5
52,395898.0,-159288.8,21812.7,-83133.9,-156839.7,-66680.4,-223722.7,-560946.0,-306281.8,-414376.8,-517471.7,-109647.4,308223.6,-1134797.0,-95913.2,-823693.9,-1660880.9,795873.1,81.9,57.7
53,145448.6,-31571.9,-130126.2,26611.5,-31891.1,-136069.5,-133731.6,-360887.6,-316602.7,-250403.1,-384615.6,-6140.6,213593.9,-927782.1,-104347.9,-671516.6,-1257852.8,768360.9,81.9,57.7
54,-77312.5,38566.9,-190537.5,79533.8,-35422.4,-211713.1,-163020.0,-277629.2,-282575.0,-187700.3,-332923.8,-94323.7,-271263.4,-803813.7,-330878.6,-610754.3,-819871.2,-367686.5,81.7,58.0
55,-269075.3,-220608.7,-338905.4,-150113.6,-256579.5,-313548.3,-507232.9,-502151.9,-488245.5,-429446.2,-519670.4,-628819.8,-2434754.5,-845525.1,-1367244.5,-815592.9,-600342.0,-5842340.3,81.4,58.0
56,-271802.5,-438622.7,-262350.5,-351990.6,-432478.1,-373318.5,-1008855.0,-636981.6,-829176.2,-563914.3,-588182.6,-1372583.8,-4569337.4,-659725.4,-2523349.5,-761192.4,-331147.5,-7207349.0,81.4,58.0
57,118088.7,143241.9,194736.3,144925.4,150729.6,19914.6,-173521.1,230699.1,-45992.3,227903.0,207232.1,-342079.0,-1435842.9,436286.2,-602263.9,348944.2,669095.3,-1795641.7,81.4,58.0
58,357598.7,501759.9,406682.5,437167.0,516540.5,268901.7,390746.9,748905.9,410138.3,683461.3,689043.0,432056.9,570015.1,1007086.8,542355.9,873201.5,1083506.5,841518.3,81.4,57.5
