工件号： 419测试
检测时间： 2018/4/19 14:12:11
测量长度： 44 灵敏度： 3
0,-21092.1,-8115.5,-16095.9,33136.2,-6572.4,-34219.7,9948.7,-10850.7,6904.9,20211.3,32883.2,-7189.6,1100.7,55525.0,36268.8,58774.2,-30395.7,96454.9,86.0,52.9
1,77781.4,2597.4,131826.9,2891.5,3439.9,-22493.5,-4771.0,-11495.7,69879.2,-10894.4,27328.1,-108077.8,14205.8,128367.2,8561.9,18994.0,74305.8,120612.0,87.2,52.7
2,3928.6,1071.6,158103.3,14456.1,565.6,-28265.8,36133.7,-12458.7,75482.0,-5477.0,26832.7,-93242.9,5824.0,23467.0,-6590.9,28904.3,2768.3,80080.8,87.2,52.7
3,5994.9,5265.1,210074.6,2764.3,2589.5,19982.1,-125191.0,39011.9,-11029.5,50216.3,55625.7,-221112.1,23542.5,43327.3,-179633.8,36395.9,-39328.5,104453.8,87.2,52.7
4,-40594.7,-1536.5,-25308.1,14160.7,-5703.5,12291.8,-86401.6,54098.5,-19640.4,54362.1,52703.8,-148402.3,-73060.7,56820.4,-120841.1,56584.7,-26842.0,8918.2,87.0,52.7
5,-83167.0,-4617.4,-166727.4,4532.6,-8667.8,13968.7,8531.4,5102.2,62506.7,28189.0,68275.1,-37829.1,-82416.0,63933.3,-24247.2,70058.0,6209.5,-83585.6,87.0,52.7
6,-18898.6,-3153.7,-207576.5,-478.2,-5245.2,30337.4,37437.0,-1690.1,8176.4,-376.2,3414.7,64779.7,-7904.9,8952.6,79786.8,137.8,-13362.0,-72864.7,87.0,52.4
7,-75780.0,2919.3,-192479.3,48089.0,-209.3,26696.3,158475.5,6565.8,54902.5,8685.1,5502.2,129134.1,-42167.0,11581.8,173265.4,712.6,4043.8,25757.2,87.0,52.4
8,-15004.5,6006.8,-135745.0,65700.2,2219.9,22668.3,194670.1,14792.5,136094.6,16523.7,14417.7,167270.5,-12307.7,21224.6,212129.0,7731.4,-24843.2,-94878.7,87.0,52.2
9,-17848.3,-5361.8,-42426.6,-2863.7,-4800.2,-28057.9,173800.5,12401.7,106944.0,13727.6,13107.7,159365.6,16608.5,1619.9,124328.7,-1818.6,-46012.1,-160690.2,87.2,52.2
10,9600.3,-5516.7,-33299.1,-7277.1,-1961.7,-14575.3,131921.0,4568.4,21353.0,4620.0,4737.9,88481.1,118046.3,44212.1,139933.2,38176.1,-752.3,-106140.0,87.2,52.2
11,857.0,-8821.5,-23908.1,-9152.6,-5247.9,-22233.9,101170.3,1813.3,23851.1,2027.9,2110.0,174178.0,99802.0,52698.5,108206.3,66722.8,-7691.6,-739933.4,87.5,52.2
12,-4559.1,14673.3,-52260.0,41124.6,39152.3,-28003.6,95941.0,-2953.7,30244.7,-2434.5,-2618.6,168801.7,118749.7,33374.6,30318.9,7891.7,-87527.4,-959887.8,87.5,52.2
13,-1083.5,44891.6,-88217.5,57081.4,67306.9,-23949.1,83375.0,-9507.6,19945.0,-7328.7,7334.0,84694.2,147766.5,34936.3,54208.4,64853.8,10503.7,362393.6,87.5,52.2
14,77013.2,34312.4,-42488.8,59151.7,67986.4,-8698.3,23546.5,45183.0,3883.6,49103.6,62718.7,-41899.4,209895.8,42230.6,-29275.2,14278.6,-20396.7,2190017.8,87.5,52.4
15,20643.1,51683.9,-42931.2,5773.7,59032.4,13976.6,-52854.8,57232.4,57060.2,59196.7,57991.3,-152778.6,130693.1,102596.8,-54803.2,91668.0,45078.3,1976574.9,87.2,52.4
16,-18537.0,46858.5,-30880.5,-43528.6,54393.9,38784.1,-63135.9,56992.6,-4548.5,56337.0,57578.1,-191545.5,-89626.8,19139.7,-89518.2,23059.1,-67546.6,-1230094.2,87.2,52.4
17,5269.1,41676.9,4727.3,-51807.0,51140.8,28566.5,-76144.3,52336.9,-79499.4,50617.6,55845.6,-93819.0,-445916.9,-48571.2,-146653.9,-54862.8,-98960.9,-1985707.7,87.2,52.4
18,106076.4,18171.5,148362.6,58553.0,25079.0,-19580.8,-4622.7,59084.1,50091.7,61229.9,67716.2,-10597.7,-455655.0,29775.8,-153921.7,20566.3,-5024.0,-909676.9,87.2,52.4
19,123902.2,5907.5,161626.6,16809.8,7834.7,-8592.3,37471.5,1170.9,14083.9,4451.8,4043.8,-109601.0,-215590.0,104647.2,-84337.9,131070.6,57146.3,-484183.1,87.2,52.4
20,133037.6,6201.5,129532.8,15155.5,9461.2,102379.6,-64856.5,6176.4,2745.8,278.2,9935.4,-150321.6,322784.3,155765.5,-4318.0,139157.0,63973.0,620124.1,87.5,52.4
21,2752.4,6405.5,-25030.0,5813.4,6397.6,116549.6,-59500.0,16813.8,21962.3,7723.4,18001.9,-73035.6,519877.0,200759.1,198417.3,176963.6,153333.6,1136665.9,87.5,52.4
22,-3957.7,8246.6,-85830.7,7569.8,6723.4,107899.0,-95435.0,38374.8,130168.6,13270.6,22278.9,-10697.0,374486.7,108810.3,313166.8,113913.8,68954.6,761385.8,87.5,52.7
23,-2593.5,9572.5,-11837.5,7740.7,6632.0,17125.1,20735.8,14170.0,90665.3,10159.3,14034.9,101685.5,243239.9,15792.6,243715.5,53532.9,-55140.9,211866.7,87.5,52.7
24,100241.8,-1181.5,54628.3,-590.7,1837.1,48161.9,113410.4,-160.3,25856.5,978.8,-1451.7,134621.7,229273.9,-47297.0,173370.1,12997.8,-111361.4,-21033.8,87.2,52.7
25,79903.3,5715.4,-8641.3,17653.6,6216.1,6401.5,203304.8,115572.1,143701.5,30771.9,32296.4,135095.9,90724.9,132246.8,68896.4,23391.5,82087.5,-158826.5,87.2,52.7
26,-10818.9,7179.0,-164455.8,10701.0,3755.1,-11183.2,92828.3,84643.9,24174.3,19105.3,21449.7,11362.0,-138913.3,20995.4,-123510.1,39062.2,10665.3,-207856.0,87.0,52.7
27,-123312.7,9516.9,-181431.3,1837.1,196.0,-141814.0,-51732.9,17454.9,-82581.6,7424.1,12256.0,-65490.9,-197815.9,135037.6,-144945.3,117569.5,42539.2,725029.6,87.0,52.7
28,-70599.7,4989.6,-53718.4,-2388.2,-2136.5,-82767.0,-48085.1,4103.4,-37807.9,1932.5,417.2,-48583.1,69277.8,104684.3,35662.1,85159.1,4478.3,194615.8,87.0,52.7
29,-173574.0,-3535.2,-182157.1,-4980.3,-6650.6,-76884.7,114686.0,7973.8,72774.6,6202.9,4259.7,124124.7,200941.8,10546.0,229666.0,54162.1,-115316.5,-533715.9,87.2,52.4
30,-95841.6,-7299.6,-353172.1,-10750.0,-8204.2,40980.2,236305.9,12489.2,232193.2,13122.3,11685.2,156271.5,118990.7,29811.6,177376.8,64749.2,-56086.6,-15376.7,87.2,52.4
31,74125.7,3920.7,-292914.5,5250.5,6289.0,169208.3,243861.2,15719.7,310038.2,17007.2,13981.9,148606.3,-17319.8,35568.1,130301.1,-3422.6,19141.0,32297.8,87.5,52.7
32,216889.4,30210.3,-20406.0,17515.8,27028.7,159363.0,100236.5,12518.3,152769.4,13619.0,9869.2,38674.1,-137735.7,3920.7,-23814.0,-3968.3,14476.0,-299725.3,87.7,52.4
33,205940.7,61988.8,275927.1,23354.4,52408.4,32909.7,-37097.9,-6408.2,-192.1,-2972.3,28447.3,-90220.2,-90032.2,47001.6,-83451.8,55462.8,-4095.5,-290506.4,87.9,52.4
34,197288.7,118959.0,516510.0,76741.6,86214.8,-24900.2,-34867.4,1500.7,-26092.3,1341.8,28236.7,-93710.4,50138.1,64957.1,8173.8,41686.2,-6927.4,67620.8,87.9,52.4
35,55452.2,142306.8,689436.4,136093.3,131013.7,-103668.4,-99110.6,13448.1,-18666.9,7858.5,3524.6,22096.1,20591.4,115190.6,51079.9,124429.3,66867.1,880844.1,87.9,52.4
36,-34678.0,104879.0,368311.7,89918.2,36129.7,-33944.2,-82790.9,23546.5,-67177.1,22860.4,61694.8,17338.3,-192672.7,36031.7,-8568.5,-50163.3,-16648.2,-121834.6,87.9,52.7
37,-97399.3,5164.4,-63819.4,3986.9,18701.3,14276.0,-85168.4,41540.5,-65528.0,53249.5,39834.4,-87177.8,-131123.6,-39441.1,-44527.3,-50407.0,-94807.2,-838834.8,87.9,53.2
38,-25414.1,49052.0,-300273.6,42793.5,62382.2,23924.0,-84931.3,-5112.8,-38761.6,38667.5,-49418.9,-51036.1,58902.6,-125275.7,-51415.0,-44579.0,-208997.7,-644899.8,87.9,52.9
39,53832.3,54673.4,-211367.4,56280.0,54293.2,-27202.2,-71924.3,20837.8,3748.5,40646.4,2282.2,18215.2,211213.7,-31505.7,52642.8,-58873.5,-105079.0,-12885.2,87.9,52.9
40,34732.3,52115.7,-127655.9,50913.0,53732.9,41548.4,12595.1,39766.9,23946.5,47735.4,44038.6,-9214.9,160731.2,-33221.0,5703.5,-40311.3,-83808.1,239210.7,88.2,52.9
41,65281.7,47606.9,-291788.6,52028.2,57733.1,31087.1,10405.6,46406.9,12150.1,61053.7,51228.2,-99270.9,104856.5,81515.3,33878.0,25534.6,81000.1,-9824.2,87.9,53.2
42,-132607.1,-37511.2,-1063635.7,-24524.0,-47983.1,8707.6,39659.6,-31439.5,70773.2,22289.5,-38521.8,-2747.1,144608.8,-144624.7,11566.0,-50131.5,-215488.0,195320.5,87.9,53.2
43,-202915.4,45218.7,-1030147.1,53438.9,44067.7,-76097.9,61372.9,37103.2,62689.5,46630.7,42000.1,30656.7,86417.5,-91679.9,23950.5,-64565.1,-205115.5,25248.5,87.9,53.2
44,-202547.2,20539.8,-421255.2,-1755.0,54336.9,-87479.8,53336.9,37035.7,53505.1,47959.2,42441.2,-26060.5,-44837.3,-35576.0,-83531.3,-69554.7,-124949.9,-61569.0,87.9,52.9
45,50584.5,6527.4,310525.6,36384.0,4559.1,27.8,37907.2,54616.4,62302.8,60013.9,58644.4,27897.6,-95770.1,33548.1,-53604.4,42556.4,-5592.2,-80344.4,87.9,53.2
46,144901.5,11866.6,406339.5,29750.7,12548.8,-23194.2,55625.7,27905.6,52021.6,42279.6,44992.2,29389.1,-101851.1,29839.4,-54519.7,52148.8,-23563.7,-63845.9,87.9,53.2
47,74152.2,-1955.0,131377.9,-1006.7,5548.5,7816.2,-7348.6,-5779.0,31888.5,-3356.4,2361.7,-23726.6,13567.3,13487.9,53177.9,8144.6,-34913.8,55979.4,87.9,53.2
48,-1714.0,3470.3,-89397.7,5127.3,10279.8,35678.0,11985.8,-3518.0,14052.1,-957.6,5481.0,46900.9,85539.3,37411.9,46134.0,19505.3,-29687.1,24872.4,87.9,53.2
49,-51385.8,4073.0,-135999.3,1385.5,8014.8,16346.2,19652.3,-6902.2,28759.9,-4329.9,4100.8,51702.4,92030.9,65623.4,127466.5,18368.8,11441.4,42908.7,87.9,53.4
50,-173307.8,-457.0,-74782.6,2609.4,3000.1,-86527.4,-2655.7,-5690.3,38860.9,-4029.3,3890.2,-23831.3,99844.4,151337.5,126262.5,121004.1,105439.3,276160.3,87.9,53.4
51,-153911.1,-7866.5,139358.3,26035.3,-2596.1,-154034.3,49825.5,-5320.7,-76774.8,-3018.6,4173.6,-24094.8,108205.0,141167.6,127816.2,104129.3,40200.0,196843.7,88.2,53.6
52,-140847.1,30783.8,-7985.7,37145.6,15737.0,-263296.2,-16627.0,-7089.0,-158351.0,-2981.6,920.6,-20783.5,24947.9,124347.2,119577.5,76120.4,16053.5,218849.7,88.4,53.6
53,-223561.1,24798.2,-186857.9,23142.5,33411.7,-230948.1,-53759.4,25558.5,-204785.7,48490.4,8434.7,34844.9,15649.5,133338.2,8102.3,90106.3,102162.4,61269.6,88.7,53.6
54,-22113.3,-6349.9,51013.6,582.8,71.5,-75288.6,-37058.2,-781.5,-80802.7,-78.1,5357.8,35569.4,2544.5,69114.9,50086.4,22518.6,47303.6,-63064.4,88.9,53.9
55,107789.0,-3107.4,147571.8,45927.4,4679.6,53053.4,15556.8,10377.8,61827.2,8805.6,11058.6,-18142.3,10489.1,14256.1,18525.1,13026.9,-26775.7,-7699.6,89.2,53.9
56,184375.7,14940.9,225808.9,17109.2,18142.3,117158.9,25586.3,18235.0,105640.6,16333.0,16232.3,-24680.3,8450.6,-249.0,2018.6,10301.0,21965.0,112225.0,89.2,53.9
57,159125.9,15172.7,235699.3,13019.0,17327.7,195437.0,123424.0,25971.7,153083.3,18848.3,16085.3,-15952.9,3710.1,10506.3,8224.1,10511.6,20209.9,116525.8,89.4,53.9
58,203845.2,10866.6,197345.7,4736.6,15339.6,193214.4,128894.4,16388.6,208728.9,14415.1,12256.0,-14758.1,26203.5,9302.3,8706.3,8135.4,11316.9,87229.4,89.4,54.1
59,255591.4,118123.2,342304.2,134800.5,109412.9,162833.3,127138.0,3116.7,232683.3,6459.8,5625.4,-22342.5,-50246.7,29507.0,415.9,13469.3,-45471.7,34248.8,89.4,54.1
60,193524.4,50547.4,193976.0,92102.4,48262.5,186469.8,92683.9,2647.8,188760.0,6605.5,4037.2,-20984.8,-6918.1,22281.5,12144.8,9473.2,-22195.4,58350.3,89.4,54.1
61,195874.1,18334.4,180576.9,64620.7,22660.4,187978.5,-1402.7,-8744.7,108246.0,-2696.8,-3838.5,-12295.8,37271.4,6200.2,19525.2,1912.6,17639.0,85710.2,89.6,54.1
