工件号： 420测试
检测时间： 2018/4/20 9:46:04
测量长度： 44 灵敏度： 3
0,-14819.0,1128.5,-63174.3,-14152.8,-547.0,-11383.2,-3230.6,-3323.3,-2125.9,-3084.9,-2168.3,-6479.7,2823.9,-4752.5,-38206.6,-2204.0,25995.6,-24542.5,86.7,50.0
1,-6413.5,7512.8,-41574.9,-13442.8,3760.4,-9037.4,-2569.6,-6299.5,-3384.2,-6812.1,582.8,-9441.4,2955.1,4643.9,-28138.7,30280.5,68536.1,-20607.3,87.0,49.8
2,-9535.4,6678.4,-35919.1,-14821.7,2794.8,-11179.2,-671.5,-4866.4,-2283.5,-5941.9,-2665.0,-11958.0,2047.8,41948.4,12154.1,74838.3,65011.5,-17341.0,87.0,49.8
3,-12870.6,3250.4,-53776.6,-8311.5,-221.2,-14574.0,-1127.2,-5047.9,-2433.2,-6198.9,-3653.1,-12124.9,4665.1,21182.2,-17711.9,70662.0,64031.3,-16612.5,86.7,49.8
4,-13525.0,5531.3,-15378.0,-8164.5,2786.8,-15111.8,5760.5,-2626.6,-3608.1,-2247.8,-1315.3,8293.0,3280.9,1446.4,-49079.8,3147.1,35471.4,22668.3,86.7,49.8
5,-13234.9,9897.0,4514.1,8504.9,10232.1,-14007.1,-3147.1,4773.7,-615.9,6304.8,5590.9,-7779.1,5507.5,6658.5,-53313.0,5847.9,4977.7,-300.7,87.0,49.8
6,-12171.3,11952.7,-33896.5,9539.4,12173.9,-11877.2,-2378.9,3324.6,-2476.9,4042.5,3322.0,-11804.4,7046.6,4899.5,-48208.2,1835.8,-719.2,-22329.2,87.0,49.8
7,-11091.8,16032.3,5371.0,9087.7,13523.6,-11804.4,11670.6,-604.0,1152.4,527.2,468.9,-7029.4,6269.1,2180.2,-48743.4,5463.8,6771.1,-19288.1,87.0,49.8
8,-12845.5,12658.7,67905.6,1086.1,9803.0,-14456.1,-2076.9,2315.3,120.5,2429.2,3009.4,-16370.1,5756.5,-539.1,-52621.6,455.6,2959.0,-25655.2,87.0,49.8
9,-15734.3,9530.1,13866.7,-2266.3,6744.6,-16805.9,11495.7,271.5,-2385.5,1570.9,-79.5,27930.7,3620.0,-548.4,-38430.4,861.0,-1230.5,-19954.3,86.7,49.8
10,-19114.5,7493.0,-49981.8,-10801.7,3556.4,18367.5,-3911.4,-2156.4,-4360.4,-1229.2,-431.8,-7062.5,4523.3,1323.2,-48518.2,182.8,4380.3,-19535.8,86.7,49.8
11,-18012.5,4907.4,-22612.7,27028.7,-442.4,17844.3,12124.9,-7959.2,40753.7,23896.2,32165.3,-2490.1,12600.4,7104.9,-55065.4,11196.4,39241.1,-6653.2,86.7,49.8
12,39405.3,46632.0,-46369.8,-47436.0,62953.1,56837.7,26276.4,54993.9,70491.1,55997.9,64363.7,-409.3,13242.8,14424.3,-37237.0,51506.4,-51119.6,102802.1,86.7,49.8
13,43980.3,18103.9,-47830.7,-53327.6,45743.3,35018.4,42098.1,49571.2,45583.0,49498.3,55013.8,52359.4,20220.5,58322.5,-3820.0,56474.7,14807.1,33659.4,86.7,49.8
14,45507.5,63954.5,-25068.4,38392.0,56509.2,38133.7,60314.6,62375.6,51432.2,65957.2,65110.8,23334.6,23282.9,26459.2,-48530.1,74027.6,47959.2,-7583.0,86.7,50.0
15,36505.9,57874.8,-90037.5,39498.0,64508.1,45515.4,22987.5,60106.7,67618.2,60412.6,64481.6,2076.9,33019.7,53482.6,-35336.3,64065.7,31467.3,39549.7,86.7,50.0
16,-41549.7,-62088.2,-24611.4,-1068.9,13931.6,55584.6,140722.6,29802.3,7153.9,-6030.7,43594.8,120614.6,19530.5,6356.5,-33515.0,4896.9,-78952.3,91632.2,86.7,50.0
17,52879.9,28537.4,-7641.3,5143.2,27575.8,-12886.5,142162.4,22362.3,17359.5,32357.4,31673.9,72568.0,14270.7,39786.8,-43764.4,38418.5,35423.7,-16639.0,86.7,50.3
18,30733.5,-7367.1,126361.9,-7164.5,54083.9,2533.9,149949.4,46412.2,2788.2,42906.1,51739.5,40876.9,37388.0,-1529.9,-54734.3,8266.5,-29827.5,324.5,86.7,50.0
19,11724.9,-33132.2,244021.4,-63416.7,22137.2,38084.7,53344.8,44563.1,3617.3,29544.0,51175.2,33140.2,15089.2,50242.7,-60102.7,53670.7,-12293.1,54258.8,86.7,50.3
20,-23386.2,-68130.8,-129641.4,-54273.3,-1540.4,12179.2,64616.7,54395.2,1780.2,59558.3,64754.5,47703.6,10417.6,26774.4,-13917.0,28799.6,26342.6,114750.9,86.7,50.3
21,-64192.9,-58151.6,-1282786.1,-100882.9,-52450.8,-67706.9,63798.2,62220.6,5990.9,58885.4,66285.7,49564.6,35995.9,30461.9,3398.8,73538.9,55780.7,117214.5,86.7,50.3
22,81071.6,25701.5,457651.1,-51617.6,26383.7,23040.5,-44111.4,48452.0,-286.1,44449.2,54078.6,-36272.7,14531.6,29586.4,-12515.7,58122.5,45757.8,25941.3,86.5,50.3
23,84426.7,26905.5,423832.8,35521.7,40606.7,13416.3,-76548.3,46192.3,-13302.4,34700.5,52155.4,-80266.3,68852.6,-131.1,-18145.0,54311.8,8671.8,-19664.2,86.5,50.3
24,31150.7,27754.6,91785.9,27755.9,66067.1,5320.7,-65260.5,49021.5,65100.2,30809.0,44462.4,-73846.2,10975.2,6311.5,-97641.7,65769.1,41896.8,-157382.8,86.3,50.3
25,24644.5,32550.8,16425.7,-9221.5,54208.4,-1638.5,-33846.2,22029.9,50591.1,-120.5,7106.2,-69132.1,-53052.1,46912.8,-117431.8,50743.4,43630.6,-202924.7,86.3,50.3
26,14281.3,-10732.8,-9873.2,-9465.2,15125.0,985.5,17627.1,49821.5,27920.1,28938.7,34071.3,-73801.2,-77210.5,37605.2,-120500.7,61191.5,50874.6,-202251.8,86.3,50.3
27,29990.4,25008.8,-36474.1,4302.1,48429.4,60549.1,29292.4,53805.8,11818.9,51642.8,56799.3,-75540.3,24479.0,64142.5,-67763.9,66349.2,70154.7,-106524.1,86.3,50.3
28,121533.9,42613.3,-59025.8,34844.9,62290.8,-6393.6,-43160.4,54231.0,55775.4,49817.6,54525.0,-85209.5,15456.1,63387.6,-118941.7,64795.6,66826.1,70973.2,86.0,50.0
29,125877.1,-50981.8,-94906.5,-86702.2,-61032.5,14984.6,14770.0,-20514.6,-20795.4,-50071.9,-25408.8,21821.9,51944.8,30142.7,-9520.8,47816.2,38651.6,23922.7,86.3,50.0
30,22697.5,52159.4,-37337.7,35521.7,50565.9,40553.7,19482.8,54189.9,-19882.8,51271.9,59302.7,-1125.9,46254.5,68404.9,-57909.2,66908.2,68374.5,13265.3,86.3,50.0
31,-34912.4,24812.8,-23003.4,-4092.9,46971.1,-53532.9,49360.6,60718.6,60427.2,54554.1,63032.6,46463.8,59105.3,45175.0,-54756.8,70299.0,72468.7,-66231.4,86.3,49.8
32,-4368.4,19873.5,-14887.9,31603.7,37592.0,-13744.8,26018.1,13895.8,34557.5,25212.8,31324.2,2780.2,20882.8,22623.3,-50216.3,29246.0,61049.7,-2629.2,86.3,49.5
33,39328.5,34140.2,25003.5,18084.1,42078.2,37331.1,1378.9,34319.0,13327.6,32778.6,42123.3,3761.7,9188.4,14784.6,-47596.3,34140.2,45062.4,81110.0,86.7,49.5
34,44613.4,-15407.1,-133119.7,-59100.0,-5820.1,51028.2,46161.8,-28219.5,56995.3,-17240.3,-16771.4,-22419.3,-13698.5,-15544.9,-99273.5,-18518.5,-15019.0,-3127.3,87.0,49.3
35,45563.1,7675.8,-127878.5,-22309.4,-3592.2,50375.2,-25052.5,16264.1,57984.7,10229.5,17441.6,-52180.6,20906.7,51984.5,-128063.9,35455.5,47455.9,-96347.6,87.2,49.3
36,14490.6,45720.7,-128168.5,-430.5,55009.8,23031.2,-210577.9,44859.8,-84601.5,46530.0,44208.1,-144477.7,39804.0,56114.5,-103433.9,58803.3,58876.1,-36021.1,87.2,49.3
37,30855.3,107181.1,-131950.1,115643.6,77705.9,43639.9,-77852.9,11958.0,-15252.2,18403.3,42096.8,-6669.1,48230.8,21326.5,-32835.5,24486.9,46691.6,-9654.6,87.5,49.5
38,32366.6,74499.2,-98760.9,4294.2,27407.5,58465.5,134559.5,23632.6,76097.9,36259.5,49654.6,162751.2,2476.9,64375.7,52514.3,63449.8,57176.8,-96388.7,87.7,49.8
39,-65985.0,96575.4,-204614.8,24742.6,23550.5,-32999.8,225018.1,7651.9,80080.8,7571.1,8161.9,196174.8,36807.9,43957.8,91450.7,46206.8,50311.6,8955.3,87.7,49.8
40,-101538.5,99484.1,-206776.5,16639.0,24671.0,-53389.9,56685.3,18032.4,-14632.3,26068.4,36484.7,5038.6,13228.3,38997.3,-57803.3,49316.9,50463.9,-31020.9,87.7,50.3
41,114633.0,36641.0,55417.8,10624.2,18596.7,45290.3,-108733.4,-9376.5,-83498.2,-23124.0,-11465.3,-129840.1,-27069.8,51981.9,-95228.4,50030.8,53058.7,-53755.4,87.7,50.5
42,59760.9,57690.7,-43642.5,31998.4,11020.2,-5804.2,-136608.6,-7021.4,-74570.7,-8102.3,5140.6,-84951.2,-24448.5,14721.0,-91539.5,3729.9,2846.5,-77054.2,87.5,50.7
43,-84168.4,-18578.1,20518.6,-18089.3,5175.0,-71047.4,131813.7,-63.6,54409.8,11513.0,13853.4,111203.7,33222.3,52756.7,-3004.1,55380.7,31679.2,-147.0,87.7,50.7
44,-145918.8,-96576.7,-126126.1,-127168.5,-90523.6,-108146.7,97117.2,-15702.5,31387.8,-18409.9,-35689.9,126225.4,44749.8,28552.0,8657.2,-6625.4,-28178.4,-1997.4,87.5,50.7
45,-160967.0,-78663.6,-307297.7,-101893.5,-33985.2,19792.7,146183.7,-43702.1,142174.3,-70055.3,-23342.5,81698.1,15495.9,28656.6,-27302.9,3937.9,-30469.9,-92495.8,87.5,51.0
46,83243.9,-105015.4,-229213.0,-107102.9,-103933.3,99104.0,37508.5,-46302.2,89089.1,-58327.8,-53176.6,-12673.3,146699.0,-15490.6,-11740.8,-21594.1,-61506.7,232361.4,87.7,51.0
47,212034.9,-100821.9,27422.1,-144449.9,-87528.8,110370.6,45197.5,-89971.2,140402.1,-117502.0,-55620.4,-52315.7,40353.7,-47311.5,-137049.6,-42825.3,-44151.1,205332.7,87.7,51.0
48,174464.1,-19706.6,115223.7,-53302.5,-27726.8,102339.9,-13139.5,-81033.2,75089.9,-74268.7,-61203.4,-78453.0,18342.3,-49997.7,-127867.9,-53356.8,-52118.3,274864.8,87.7,51.0
49,82396.1,-344.4,100268.3,-12066.6,-13907.8,129120.9,-32997.1,-68650.0,25755.8,-61844.5,-40732.5,-71880.6,115964.2,-73191.9,-35080.6,-54285.3,-27159.9,535619.3,87.7,50.7
50,58813.9,-59502.7,32273.9,-80449.1,-52902.4,12433.5,-135709.2,-120797.4,-76399.9,-126528.7,-111621.0,-143063.1,112166.7,-62725.3,-124266.4,-91812.4,-93503.8,489649.5,87.7,50.5
51,-13156.7,-159896.8,-131229.6,-117108.6,-142755.8,-23618.0,-184472.4,-180147.8,-167399.0,-179694.8,-174217.8,-152773.3,157397.3,-135865.5,-145708.2,-169579.2,-149542.8,661191.7,87.9,50.5
52,15967.4,-85194.9,-63391.5,-71997.1,-55351.5,-20016.6,-126373.8,-148900.4,-102784.9,-141276.3,-112582.6,-55543.6,247307.6,-111685.9,-43716.7,-101864.3,-104245.9,547150.8,87.9,50.5
53,68419.5,-241311.4,-106280.4,-180877.6,-228434.2,62718.7,-96326.4,-354553.6,-122859.8,-327416.3,-317453.0,-50196.4,335027.1,-390492.6,349.7,-378171.6,-440765.8,186049.9,87.9,50.5
54,173225.7,-168736.8,-166879.8,-85096.9,-157864.9,97310.5,-52940.8,-250168.7,-58097.3,-237136.4,-257959.6,-74080.6,269177.2,-385051.3,-9315.5,-322131.3,-490084.0,-67177.1,87.9,50.0
55,952.3,-182171.7,-1068065.0,-134256.2,-181468.3,4420.0,-48461.2,-319939.2,-63803.5,-244289.0,-321409.5,-81026.6,234757.5,-593764.3,8677.1,-404010.9,-753843.8,-84144.5,87.9,50.3
56,-39660.9,-164847.9,1104017.2,-133938.3,-159555.0,-35960.1,-101142.5,-382733.4,-135492.0,-298167.6,-371650.9,-55358.1,65175.7,-763175.3,-124859.8,-545937.5,-1038816.3,-87104.9,87.9,50.3
57,-40706.0,-42059.7,737349.2,-3838.5,-40283.5,-40879.5,-6298.2,-192811.8,-38566.9,-122050.5,-177154.3,-19297.3,-98391.4,-463036.7,-142353.1,-291049.5,-636204.1,-81696.8,88.2,50.0
58,48364.5,211347.5,351931.0,165730.1,211975.3,19725.2,125413.5,128461.3,110711.0,184104.2,91163.3,135095.9,-130865.3,-32884.5,-81573.6,37034.4,-61607.4,-62741.2,88.2,50.0
59,19690.7,276189.4,64322.7,260869.7,292152.8,49540.7,165450.6,310293.9,169238.8,312969.4,288122.2,160992.2,-97942.4,240924.6,7462.5,280830.6,336725.2,-126609.5,88.2,50.0
