工件号： 420测试
检测时间： 2018/4/20 10:01:49
测量长度： 44 灵敏度： 3
0,-1076.9,1164.3,-37337.7,-886.1,966.9,-7123.4,-2690.2,355.0,-1879.5,-1113.9,-1249.0,-2180.2,-5110.1,-896.7,-3630.6,-625.2,-9474.5,-4308.8,87.0,51.7
1,515.2,-1111.3,-19020.5,-4424.0,-2229.2,-5245.2,-1372.2,928.5,1642.4,-1708.7,-1331.2,12033.5,-14620.4,-5584.3,64113.4,21844.4,56182.0,-1353.7,87.0,51.5
2,1678.2,-4993.5,-11604.4,-5383.0,-4953.8,-4737.9,-3695.5,-2071.6,2071.6,-4197.5,-4193.5,52511.7,2805.4,-8371.1,73356.1,16358.2,45931.3,62763.7,87.2,51.2
3,580.2,-7459.9,-33615.7,-14886.6,-8361.9,-6216.1,3095.5,-3549.8,2430.5,-5886.3,861.0,2226.6,-15636.3,-4609.4,54061.4,-3034.5,20721.2,13481.2,87.2,51.2
4,2196.1,-1372.2,-32015.6,-5636.0,-2661.0,-4670.4,-3723.3,-3877.0,-536.4,-4936.6,-4094.2,36656.9,-14358.1,98.0,44816.1,715.3,-21648.4,17952.9,87.2,51.2
5,3324.6,-1419.9,-21329.2,-8950.0,-3649.1,-4249.1,-4394.8,-3757.7,-1283.5,-6324.7,-4385.6,11004.3,-14979.3,-2035.8,34304.5,-37.1,-24028.6,17490.7,87.5,51.2
6,3324.6,-2008.0,-10618.9,-12240.1,-4681.0,-4650.5,-3467.7,-2753.7,586.8,-6416.1,-3441.2,6865.1,-15102.5,-3577.6,39013.2,-312.6,-15205.8,-2410.7,87.5,51.2
7,2267.6,-3046.5,-32574.6,-6514.1,-4608.1,-4696.8,-1419.9,-953.7,3972.3,-3204.1,-1356.3,-2937.8,-12595.1,-2984.2,13399.1,470.2,-10164.6,-9845.4,87.5,51.2
8,2188.2,-1908.7,-6806.9,-4883.6,-2327.2,-3845.2,1736.5,3009.4,6236.0,755.0,2071.6,316.6,-11886.5,-2985.5,-2731.2,-309.9,-25488.3,-10275.8,87.5,51.0
9,2466.3,1556.3,-41010.6,-7866.5,-88.7,-3624.0,1361.6,908.6,2960.4,-450.3,1306.0,2014.6,-5057.1,-2143.1,-1982.8,2051.7,188.1,683.5,87.5,51.0
10,1804.0,770.9,-37695.3,1418.6,-2092.8,411.9,2026.6,-2642.5,1054.3,-5323.4,-1634.5,5441.2,-2284.8,-7900.9,-1194.7,6845.3,49862.6,6700.9,87.2,51.0
11,26796.9,-2157.7,-35977.4,57545.0,-5804.2,37267.5,2764.3,-1156.3,108.6,-4469.0,-556.3,7234.7,1466.3,1517.9,157.6,-4042.5,51868.0,6541.9,87.2,51.0
12,414.6,4057.1,19455.0,-3578.9,2234.5,27558.5,2030.5,3894.2,427.8,1879.5,2451.7,4381.6,7825.4,2547.1,4277.0,8828.1,48528.8,8911.6,87.5,50.7
13,56505.2,9669.2,27614.2,8355.2,7085.0,61667.0,698.0,7629.4,3915.4,7690.3,5772.4,1986.8,10229.5,-4877.0,4845.2,1933.8,18776.8,-25.2,87.5,50.7
14,71189.1,-3739.2,34278.0,-7751.3,-2981.6,64732.0,41474.2,-5148.5,64056.5,-4409.4,32761.4,7983.0,12326.2,33021.0,-431.8,30778.5,22718.6,66933.4,87.5,50.5
15,71782.5,-8588.4,83557.8,9132.8,-5417.4,64701.5,49583.1,-7727.4,69267.2,-5861.1,42378.9,21355.7,-63080.3,45106.1,3789.5,53989.9,-25322.7,115903.2,87.5,50.5
16,57498.6,8148.6,-28705.6,51548.7,26407.5,49869.2,40447.7,14497.2,64726.7,8761.9,25969.1,15004.5,110511.0,-5628.0,12630.9,53993.9,-55735.6,112997.2,87.5,50.3
17,67961.2,-4377.6,-11014.9,28424.8,49748.7,62274.9,53342.2,27047.3,45016.1,18023.1,47377.7,25151.8,2797.4,-12615.0,-3559.1,-5273.0,-67179.7,87475.8,87.5,50.3
18,58468.2,-54526.3,-26108.2,22535.9,50891.8,1714.0,103762.4,29932.1,22771.6,15262.8,47908.9,43177.6,9065.2,29757.3,6949.9,55208.5,-18146.3,62043.1,87.5,50.3
19,35705.8,-86989.7,47646.6,16974.1,43055.7,12189.8,118638.4,35619.7,26006.2,18906.6,50095.7,92068.0,-29370.5,16946.3,57749.0,44355.1,26196.9,40450.4,87.2,50.3
20,15868.1,-73511.1,134653.5,-43090.2,6943.3,5103.5,137015.2,17195.3,42910.0,8685.1,46245.3,27569.1,28550.6,22745.1,71964.0,54595.2,22698.8,5510.1,87.2,50.3
21,-5069.0,-55535.6,-149471.2,-136922.5,-36974.8,18591.4,16088.0,-74982.6,12911.7,-79147.0,-58657.6,67406.2,40947.1,109643.4,61505.4,26263.1,29769.2,83104.8,87.2,50.3
22,2973.6,-64549.2,-299886.9,-80483.5,-59143.7,-14265.4,49127.5,-3961.7,23124.0,-40215.9,35348.2,40498.0,18947.7,113937.6,56552.9,7703.6,19949.0,71448.8,87.5,50.3
23,65128.0,-93114.4,125334.0,-65849.9,-73157.4,53110.4,-86580.4,-75505.8,-58184.7,-80165.6,-64306.8,-80472.9,39911.3,27196.9,42369.6,64479.0,20151.7,63767.7,87.5,50.3
24,18956.9,-27664.5,177525.2,4300.8,5900.9,23931.9,-85559.2,-11862.6,39300.7,-33904.4,-19807.3,-37104.6,-30292.4,9621.5,-52053.4,54164.7,12350.1,-116557.6,87.5,50.3
25,-4751.2,-21946.4,57183.4,14727.6,-12788.5,45577.7,-81751.1,19791.4,22469.6,-6730.0,11750.1,-31895.1,-96407.2,33634.2,-83614.7,62939.9,28520.2,-215433.7,87.2,50.3
26,19966.2,12595.1,-16103.9,19934.4,33778.6,16241.6,109.9,49622.9,19156.9,55446.9,61321.3,-31722.9,-29852.7,118268.9,22192.8,20792.8,6741.9,-151761.4,87.2,50.3
27,87318.2,-9261.2,-34081.9,6588.3,18527.8,21602.0,-32990.5,22882.9,10220.2,31773.3,48614.9,-43450.5,7893.0,-11116.9,-3645.2,60453.7,-9924.8,-138082.8,87.2,50.0
28,238804.0,-92564.7,436462.3,-45519.4,-32142.8,115344.3,-47693.0,-47287.7,-27400.9,-43315.4,-39210.6,-43027.9,-67692.3,15417.7,-48150.0,-8666.5,-18559.6,-57958.2,87.2,49.8
29,116029.1,17184.7,176880.1,-1439.8,20845.7,52107.7,37467.5,31043.4,-43659.7,14269.4,41392.1,54119.7,-1246.4,40643.7,50795.1,14936.9,-5422.7,12522.3,87.2,49.5
30,-64815.4,7679.7,10812.3,9218.9,34991.9,-9416.2,32834.2,15008.5,23657.7,48573.8,39625.2,40454.3,14600.5,13158.1,3797.5,4945.9,7085.0,24218.0,87.2,49.3
31,-41324.6,38250.3,106464.5,14589.9,23994.2,-48108.9,33071.3,15253.5,29654.0,34927.0,45380.3,16637.6,15338.3,1015.9,8626.8,2715.3,35652.9,17288.0,87.5,48.8
32,13538.2,33680.6,-235060.9,12271.9,1940.5,67381.1,50477.2,41593.4,45115.4,-4745.9,43773.7,13070.6,30619.6,46871.8,20562.3,62449.8,31348.1,131976.6,87.7,48.3
33,60995.4,9712.9,-203785.6,33232.9,41025.2,58819.2,24251.1,46232.0,49975.2,53568.7,60494.7,7740.7,40777.5,57111.8,-6449.2,64913.4,35642.3,92419.0,87.9,48.1
34,-22358.4,85164.4,-189039.5,77947.0,51573.9,32715.0,-115476.7,15305.1,13617.7,21975.6,50052.0,-98816.6,9438.7,66757.2,-63888.2,70925.6,45439.9,-74749.5,88.2,47.6
35,7553.9,56072.1,-111862.0,69799.7,26484.3,-39492.7,-210846.8,36638.3,-124518.1,39158.9,47800.3,-116833.1,2649.1,51044.1,-18049.6,55179.3,28525.5,41325.9,88.4,47.4
36,9124.8,37097.9,-308227.6,24792.9,30928.2,-68763.9,-14983.3,9825.5,13726.3,23008.7,23822.0,68113.5,23849.8,28704.3,20273.5,55301.2,22318.6,27161.2,88.9,47.4
37,42498.1,68328.1,98640.4,42069.0,4576.3,36380.0,226263.2,9501.0,133257.4,7024.1,10694.4,214959.5,-675.5,58374.1,118038.4,64922.7,36952.2,-35958.8,88.9,47.6
38,42516.7,125402.9,50716.9,50368.6,29840.7,28501.6,262381.0,-1090.1,119165.6,7046.6,-208.0,154811.8,31476.6,-2605.4,102236.5,66933.4,41031.8,44168.4,89.2,47.4
39,20758.3,121331.2,-43968.4,30997.1,5678.3,-29236.7,127750.0,-1586.8,11234.8,-3026.6,18122.5,10846.7,38116.5,9418.9,3246.5,58922.5,8393.7,25532.0,89.4,48.1
40,105940.0,104909.5,112476.6,29334.8,10618.9,42298.1,-42977.6,6290.3,38425.1,5548.5,16330.3,-28297.6,27141.3,8755.3,-73532.3,31749.4,-645.1,30479.2,89.4,48.3
41,199928.6,32117.6,-122086.2,40947.1,49001.6,117766.9,-112896.5,39845.0,-21065.6,19107.9,36471.4,-28705.6,-96338.3,44992.2,-82141.8,59582.1,40128.5,-76754.9,89.6,48.8
42,28826.1,116336.4,-234652.9,11144.7,7861.2,31732.2,-80348.4,10613.6,-25912.1,19960.9,18374.1,45790.9,16526.4,15726.4,36852.9,14662.7,-10490.4,-35254.2,89.6,48.8
43,-24400.8,136670.8,97376.8,119439.8,40793.4,60657.7,132415.0,9524.8,-21404.7,14164.7,10454.7,101950.4,49748.7,15547.5,67235.4,9903.6,-12216.3,86695.6,89.6,49.0
44,32789.2,101717.3,185712.2,101296.1,48118.2,24652.5,153262.1,21637.8,121327.2,16735.7,26510.8,120865.0,42422.6,22365.0,55747.6,19958.3,-3937.9,-28288.4,89.9,49.3
45,-6943.3,43084.9,27247.3,27340.0,40453.0,-85500.9,136591.3,59282.8,40900.7,55464.1,65586.3,135555.5,14944.9,6881.0,26986.3,22529.2,42426.6,-1499.4,89.9,49.3
46,-115825.1,-72505.7,-17421.8,-63402.1,-93166.0,-100249.7,93730.3,35801.2,77059.5,29157.3,48044.0,135951.6,7379.1,38548.3,125357.8,61627.2,4343.2,16861.5,89.9,49.5
47,-188341.4,-76157.5,-338261.7,-54352.8,-39467.5,6681.0,146420.8,-45006.8,130755.4,-70079.2,21146.4,89857.3,-10813.6,16836.3,18180.7,45029.3,-56861.5,-151153.4,89.9,49.5
48,-100889.5,-45225.4,-692061.6,-56784.7,-30371.9,129250.7,106974.4,-17082.7,105325.4,-63043.2,44190.9,41478.2,65514.8,11158.0,50724.9,35295.2,-43894.2,83928.6,89.9,49.3
49,135582.0,-86977.8,-699068.5,-141288.2,-38853.0,99357.0,13736.9,-18601.9,128930.2,-71003.7,11612.3,-64398.2,129285.1,33027.6,4279.6,57033.7,19243.0,323447.9,90.1,49.3
50,274070.1,-73856.8,522265.2,-79814.6,-65198.2,111904.4,46981.7,-67414.2,138127.8,-46078.4,-55503.8,-73071.3,34226.3,-51054.7,-71168.0,-46910.2,-64571.7,155923.1,90.1,49.3
51,284253.2,21765.0,690907.9,13138.2,43394.8,217078.8,-64663.1,-28015.5,129540.8,-35059.5,-82449.1,-35704.5,41316.6,-34080.6,-79161.6,-79099.3,-85678.4,183361.1,90.1,49.3
52,252582.0,18421.8,542802.3,14272.0,29791.7,141485.5,-63954.5,-64138.6,52703.8,-66194.3,-37508.5,-69128.1,15617.7,-7540.7,36217.1,-24673.7,-39682.1,316605.3,90.4,49.3
53,159184.1,-6443.9,478926.0,-8395.0,-6926.1,148699.0,-74549.5,-51625.6,-31050.0,-57805.9,-51083.8,-55531.7,72685.9,-46462.5,-44586.9,-66239.3,-80317.9,383079.1,90.4,49.0
54,-54633.6,-31375.9,-348383.9,-8412.2,-56878.7,23094.8,-177898.7,-89902.4,-153685.9,-81937.8,-105289.6,-100367.6,71446.1,-75784.0,-53670.7,-63628.6,-92023.0,563169.9,90.4,49.0
55,-123969.7,-20372.9,-391968.1,124108.8,-3402.8,-81348.4,-137296.0,-108513.6,-121839.8,-45466.4,-69652.7,-36149.6,187581.1,-72268.6,33382.6,-80095.4,-93538.2,678991.0,90.4,49.0
56,-40691.4,26900.2,-270006.4,83764.4,16779.4,50063.9,-6805.5,-24045.8,-79702.0,-7185.7,-34380.0,22008.7,214804.6,-45220.1,18098.6,-38143.0,-56146.3,331506.5,90.4,49.0
57,70472.6,-69684.5,-186312.2,-14619.0,-6734.0,83710.1,34715.1,-46377.7,25452.5,-35815.8,-35587.9,39451.7,79112.6,-100984.8,29383.8,-66859.2,-110443.4,60104.0,90.1,49.0
58,144592.9,141033.9,-24237.9,100869.6,152676.6,141411.4,115641.0,170289.2,126469.1,171593.8,165820.1,137188.7,3323.3,80208.0,145215.5,90948.7,67722.8,-129891.8,90.1,49.0
59,126440.0,184653.9,-7487.7,192096.5,201945.8,111888.5,175852.3,290122.3,110843.5,287152.7,192741.6,221178.3,-4945.9,207347.4,101669.6,213698.6,195602.6,-269254.1,90.1,49.3
