工件号： 420测试
检测时间： 2018/4/20 9:46:26
测量长度： 44 灵敏度： 3
0,-147.0,-10013.6,-160276.9,34957.5,-6503.5,33312.4,1361.6,-2373.6,-2810.7,-2185.5,11307.7,45514.1,-843.7,-1012.0,13274.6,-8059.9,532.5,-46.4,90.1,49.5
1,41743.1,-9258.6,-196015.8,35876.7,-5598.9,37790.7,-17907.9,1667.6,184.1,1774.9,-1381.5,4557.8,-1831.8,60337.1,38874.2,16423.1,-5024.0,1712.6,89.9,49.3
2,-4536.6,-7564.5,-129248.0,-4491.5,-4077.0,-3512.7,-15648.2,3767.0,2653.1,4247.8,1038.4,-15016.4,-647.7,76113.8,33394.5,16220.4,-5953.8,2139.1,89.9,49.5
3,26085.6,-9338.1,-210940.9,5340.6,-6104.8,37944.3,-16748.9,1939.1,1789.5,2567.0,-606.6,-566.9,-1108.6,69065.9,22444.5,36891.3,-7273.1,2380.2,90.1,49.5
4,16286.6,-8862.5,-186582.4,-14029.6,-3825.3,12253.4,-17221.8,1606.7,710.0,2269.0,-793.4,-6135.3,-2514.0,72096.5,36038.3,41451.7,-9346.0,1914.0,89.9,49.5
5,10193.7,-8176.4,-206894.4,-13563.4,-4767.0,27648.6,-15717.1,3527.3,1496.7,3658.4,1254.3,-20395.4,2629.2,70203.7,36166.8,46138.0,-8740.7,3439.9,89.9,49.5
6,-8552.6,-5763.1,-108683.1,-11642.8,-4120.7,-14049.5,-16755.5,1711.3,-377.5,2756.4,-234.4,-19978.2,-4132.6,35328.3,36226.4,6298.2,-1635.8,1124.5,89.6,49.5
7,-6340.6,-4886.3,-94551.5,-11058.6,-3025.3,-6592.3,-17024.4,-188.1,-1413.3,1027.8,-1941.8,-15000.5,6312.8,-141.7,27363.8,-2751.1,-27020.8,-476.8,89.9,49.5
8,-4559.1,-4086.2,-96464.2,-9507.6,-2257.0,-15782.0,-7286.3,-267.6,7549.9,-654.3,2891.5,-4989.6,-2943.1,6781.7,38629.1,-5707.5,-76287.3,-1827.9,89.6,49.3
9,-1359.0,-1455.7,-96284.0,-5649.2,425.2,-13632.2,11775.2,-3602.8,6371.1,2964.3,26428.7,25159.8,-1430.5,6975.1,17828.4,-5683.6,-76708.5,3500.8,89.9,49.0
10,-2131.2,1091.4,-1590.8,-1124.5,2005.4,-13845.5,-15530.3,3110.0,1369.6,3855.8,1409.3,-18840.4,2103.4,-3208.1,8143.3,-8528.8,1317.9,3128.6,89.9,49.0
11,-5233.3,3796.2,-79559.0,-5267.7,3676.9,-4992.2,-10891.8,6973.7,5016.1,7463.8,4303.5,-14158.1,7515.5,-4904.8,-35899.2,-6690.3,1478.2,7723.4,89.9,49.0
12,65024.7,12992.5,-244632.0,33369.3,24588.9,55578.0,-1254.3,8612.2,16831.0,11877.2,12970.0,-5426.7,10271.9,6171.1,-11743.4,20367.6,-72073.9,12081.2,89.6,48.8
13,-58008.6,-52721.0,-448040.2,-86677.1,-21304.0,-73403.8,47437.4,57857.6,57440.3,56166.1,60284.1,46131.3,58641.7,26451.2,15823.0,61387.5,-34180.0,65445.9,89.9,48.8
14,58061.6,27763.8,7070.4,-1940.5,48508.9,37076.7,-8750.0,43446.5,39678.2,44421.4,48816.2,27146.6,71619.6,26220.7,9416.2,59444.4,-11591.1,10665.3,89.9,48.8
15,1925.9,36937.7,-36883.4,34573.3,51320.9,51573.9,-17562.2,48959.3,29793.1,51775.2,53160.7,40231.8,46767.1,37136.3,11506.3,54204.5,-38856.9,23570.3,89.9,48.8
16,20178.2,8877.1,-128214.9,20109.3,42078.2,40308.6,20125.2,1166.9,40553.7,2437.2,42691.5,-2261.0,22463.0,-19325.2,-21953.1,29046.0,-97040.3,91605.7,89.9,49.0
17,64367.7,9009.6,-188141.4,74108.4,23521.3,-12379.2,91294.5,26555.9,21868.3,33307.1,30461.9,68801.0,65827.4,13416.3,6540.6,31549.4,-79494.1,58008.6,89.6,49.0
18,62243.1,22533.2,-186370.5,21914.6,50160.6,6.6,137158.2,43718.0,56297.3,66494.9,68900.3,126894.3,26259.2,55045.6,70733.5,55084.0,-22384.9,7755.2,89.6,49.0
19,23370.3,-58339.7,-21296.1,-45414.8,-40898.1,-6881.0,119148.4,-4221.3,23628.6,-29069.8,16860.2,81384.2,47771.1,40772.2,-24210.1,42160.4,-18711.9,-55861.5,89.9,49.0
20,22824.6,-65322.7,9026.8,-118611.9,-50677.2,12671.9,55523.7,-29256.6,27295.0,-62629.9,-22664.3,9082.4,54474.7,69986.5,-17033.7,54923.7,-40597.4,-5936.6,89.9,49.0
21,-75003.8,-34524.3,-353801.3,-102730.6,-17129.1,-79747.0,43637.2,22202.1,43104.8,31940.1,49793.7,49213.6,15767.4,36357.5,-38874.2,35680.7,-56441.6,118572.2,89.6,49.0
22,7897.0,-34042.2,-654335.9,-67185.0,-50188.4,-16358.2,41132.5,55816.4,60676.2,51376.6,56371.4,37990.7,41965.6,63227.3,19474.8,1311.3,-54476.0,66835.4,89.4,49.0
23,74912.4,-755.0,118284.8,-15209.8,9592.4,-8580.4,-30983.8,65294.9,-6122.1,63465.7,64157.1,-7102.2,9418.9,29435.4,19062.9,31928.2,-48262.5,126719.5,89.2,49.0
24,13073.3,14101.1,131099.8,40861.0,27084.4,1474.2,-86009.5,54317.1,-33750.8,50829.5,53620.3,-75076.7,6017.4,32304.4,13617.7,63864.4,-12306.4,81445.1,88.9,49.0
25,180.1,42710.0,-11690.5,23398.1,51021.6,1302.0,-80008.0,42258.4,67479.1,24640.6,32235.5,-95031.0,-16172.7,54205.8,-93395.2,50444.1,-12804.4,-154003.8,88.7,49.0
26,42377.6,60322.6,-123333.9,-9061.2,58178.1,-5911.5,-72650.1,54264.1,62759.7,51024.2,54350.2,-64041.9,-65936.0,64235.3,-111164.0,52715.7,-14282.6,-167350.0,88.7,49.0
27,20623.2,40557.7,-12718.3,35858.2,47413.5,-12448.1,-45038.6,47342.0,48404.3,53646.8,53091.8,-67055.2,-76479.4,53151.5,-71684.5,50683.8,-15453.5,-119312.6,88.7,49.0
28,19425.8,-2453.1,-28559.9,1306.0,5572.4,18249.6,17134.3,2167.0,11328.9,1144.4,15408.5,40914.0,42245.1,-3280.9,23851.1,-6556.5,-76886.0,-44879.7,88.7,49.0
29,107056.6,-5024.0,-141786.2,18325.1,24856.5,10946.1,11850.7,33418.3,5196.2,31810.3,46014.8,-11999.1,6939.3,15155.5,-45393.6,49218.9,-14309.1,-71628.9,89.2,49.0
30,106832.7,-81604.1,-65726.7,-66808.9,-54483.9,42494.1,36590.6,37219.8,20684.1,14347.5,17982.1,34297.8,66383.7,-64889.6,-98243.0,-61192.8,-149358.7,74864.8,89.4,49.0
31,113119.0,30358.6,-94350.2,2296.8,18615.2,6996.3,32406.4,39929.8,73032.9,41941.8,56392.6,15513.1,12151.4,-19947.7,-3773.6,22746.5,-142071.0,123707.5,89.9,49.3
32,16276.0,29896.4,-147640.7,17819.1,55403.2,20833.8,-3476.9,39568.2,-21100.0,36393.3,42482.2,19074.8,43875.6,26423.4,-30922.9,22734.5,-34021.0,45393.6,90.1,49.0
33,60513.3,69809.0,64459.1,79708.6,75901.9,42294.1,-10167.2,92845.5,16555.5,91485.2,77773.5,-9299.6,30962.6,141068.3,-7759.2,110117.6,36900.6,92535.6,90.6,49.3
34,34454.1,44993.6,-142685.6,45057.1,43030.6,-30718.9,42989.5,58439.0,51335.5,46875.7,40781.5,35170.7,38357.6,53305.1,-19318.5,39088.7,-33965.4,-15729.0,91.1,49.3
35,17298.6,48690.4,-129448.1,11118.3,25125.3,29505.6,11865.3,20921.2,39890.1,25965.1,33479.3,-4401.5,54986.0,12204.4,-27068.5,13861.4,-53073.3,17231.0,91.1,49.3
36,-80190.8,69097.7,-307854.0,38223.8,38611.9,39300.7,35664.8,18641.7,35323.0,34977.3,34399.8,2643.8,56209.8,20583.5,-20059.0,20207.3,-44654.5,156064.8,91.1,49.5
37,5442.6,10613.6,-240363.0,27640.7,35353.5,51776.6,27000.9,34911.1,54548.8,44108.8,67345.3,17779.4,71476.6,30371.9,-10216.2,22820.6,-11183.2,149591.8,91.1,49.8
38,53393.8,13837.6,-114423.7,24880.3,54662.8,32379.9,-55.6,51448.1,22978.3,47148.6,62796.8,-79704.7,54913.1,63296.2,-66076.4,59170.2,-14127.6,-10907.7,91.1,49.8
39,55772.7,31932.2,-147138.7,41189.5,54356.8,-6572.4,-132535.6,45886.3,4454.5,24778.3,45783.0,-175803.2,27945.3,60305.3,-69110.9,52188.5,-12826.9,-77255.6,90.8,49.8
40,10963.3,29004.9,-149832.8,35341.6,49046.7,48585.7,-146096.3,44024.0,-31609.0,-5286.3,20718.6,-142203.4,3025.3,48343.3,-69541.4,42341.8,-21673.6,-60947.7,91.1,49.8
41,76564.2,59678.8,-60761.0,42997.5,54999.2,24037.9,-34325.7,52180.6,21252.4,46553.9,52248.1,17449.6,-10539.4,56333.0,-23031.2,52474.6,-26260.5,48780.4,91.1,49.8
42,12641.5,111280.6,-256657.6,-16881.4,-66085.7,31969.3,155699.3,35431.7,124455.8,-14860.1,20309.3,174619.1,-36733.7,-29967.9,34395.9,-31860.7,-146226.1,-42287.5,91.1,49.8
43,-44066.4,43356.4,-216652.3,48002.9,36701.9,-71431.5,223946.6,15036.3,74458.1,28361.2,35296.5,189828.9,61176.9,35010.4,80752.4,55440.3,-35932.3,77511.2,91.1,50.0
44,-30770.6,54228.3,-209799.1,-18138.4,26769.1,-47187.0,111664.7,14809.8,-28914.9,-453.0,35415.8,1437.1,40468.9,4361.7,-42262.3,22939.8,-61961.0,14370.0,90.8,50.0
45,80845.1,36186.6,-66647.3,4155.1,49024.2,15489.3,-60518.6,11544.8,-57595.3,1184.1,2328.6,-135839.0,-48287.7,38961.6,-104153.2,42870.3,-35878.0,-83388.2,91.1,50.0
46,113105.8,32231.5,-127249.3,-25516.1,34835.6,61404.7,-147155.9,-37716.5,-57525.1,-42209.4,-41075.5,-152610.4,-82907.4,19584.8,-99198.0,22365.0,-63643.2,-73182.6,91.1,50.0
47,22264.3,6086.3,-85331.3,42384.2,27828.7,40290.1,-95266.8,52719.6,-34576.0,57828.4,47352.6,1592.1,-35063.4,17843.0,-8567.2,31823.6,-40145.7,-38495.3,91.1,50.0
48,-82506.1,33312.4,-142879.0,16677.4,33287.2,-46679.7,88785.8,62139.8,2327.2,63000.8,62224.6,119098.0,54766.1,23468.3,23060.4,39328.5,-38145.7,-14881.3,91.1,50.3
49,-99576.9,-39388.1,-196315.2,-16942.3,-30222.2,-127584.4,124078.3,-28051.3,-39590.7,-36293.9,-15273.4,118651.7,47140.7,63105.4,-17221.8,41843.8,-43553.8,-17276.1,90.8,50.0
50,-154809.2,-40373.5,-131547.5,-50808.3,-34954.8,-181447.1,140044.4,-70790.5,-3906.1,-74169.4,-52604.4,130037.5,26636.7,57552.9,104607.5,43009.4,-44751.2,25489.6,90.8,50.0
51,-194199.9,-56035.0,-389043.5,-120439.8,-40348.4,-51086.5,128870.5,-65493.6,77311.2,-80038.4,-55011.1,116185.4,17521.1,27141.3,16652.2,-5518.1,-114368.1,-125143.3,90.8,50.0
52,-128134.1,-46141.9,-461562.5,-93808.4,-43809.4,70839.5,128197.7,181.5,106026.1,-29769.2,12885.2,13938.2,60547.7,28185.1,16452.2,11755.4,-73391.9,97866.9,90.8,50.0
53,167416.2,-64853.8,-141892.2,-37876.8,2337.8,119161.6,58380.8,16015.1,133572.7,-11162.0,27112.2,-37720.5,65810.2,33863.4,-82148.5,52370.0,-59382.1,257420.6,90.8,50.3
54,314035.7,-9701.0,-32843.5,-40996.1,7304.9,170836.2,9408.3,-3578.9,104465.8,-22327.9,4102.1,-49943.4,36480.7,22839.2,-109309.6,-11462.6,-116784.0,133996.5,90.8,50.5
55,209375.2,-22852.4,79072.9,-16299.9,-20296.0,91324.9,46649.2,-27261.8,97824.5,-9485.1,-23995.5,-64097.5,41205.4,-32557.4,-74602.5,-40429.2,-109162.6,94779.3,90.8,50.5
56,146468.5,-18233.7,50854.7,-19966.2,-11773.9,106177.1,-35213.1,-60498.7,70752.0,-73789.2,-21110.6,-54555.5,6024.0,-22399.4,-99652.3,-33126.9,-117209.2,334705.3,90.8,50.7
57,42306.1,-46894.3,-106887.0,-52136.8,-31255.4,64606.1,-111622.3,-153059.4,-13554.1,-147224.8,-76905.9,-79035.8,19468.2,-27330.7,-106089.7,-52791.2,-134235.0,368697.1,90.8,51.0
58,-145187.7,-136468.2,-311221.0,-159147.1,-158112.6,-60368.9,-155219.8,-238744.4,-125489.0,-241262.4,-171311.7,-182815.4,58436.4,-145766.5,-142226.0,-124291.6,-205122.1,630826.5,91.1,51.0
59,-59621.9,-237808.0,-158895.4,-205164.5,-202124.7,8228.1,-207742.1,-281461.1,-113226.3,-272942.9,-254408.5,-162462.4,70691.1,-197266.2,-122181.6,-203168.4,-269643.5,531307.9,91.3,51.2
60,12935.5,-118584.1,-77067.5,-112508.4,-105975.7,106320.1,-70182.5,-201951.1,-40863.6,-190047.4,-192909.8,-33883.3,211004.4,-227744.1,24489.6,-223150.5,-313769.5,460301.5,91.3,51.5
61,108646.0,-232050.2,-209314.3,-179085.5,-208299.7,131078.6,-39286.1,-311256.8,-53560.7,-309152.1,-315351.0,-70942.8,311156.1,-394161.6,21247.1,-417841.8,-591147.0,303730.7,91.3,51.5
62,-104102.8,-206116.8,-1275983.2,-118362.9,-205200.3,5902.2,-54702.5,-321388.3,-40488.8,-300873.7,-281496.9,-50283.8,294072.1,-523474.5,2414.7,-378541.2,-753853.1,157830.5,91.3,51.5
63,42324.6,55286.6,-166436.0,115810.5,85157.8,13842.8,44565.7,-21171.6,17804.6,31640.8,-27634.0,75054.2,180067.0,-214670.8,111299.1,-114327.0,-420590.3,-11032.2,91.3,51.5
64,113254.1,130426.9,1015676.5,224521.4,158457.0,26913.5,2707.4,20734.5,53612.4,136900.0,43163.0,132915.7,117846.3,-185683.0,105316.1,-41045.1,-363273.1,-54971.4,91.6,51.5
65,100290.8,251034.9,640977.8,268652.7,265700.3,16926.4,119684.8,251442.9,87306.2,267627.5,219415.3,156324.4,40513.9,128633.5,75213.1,188341.4,41365.6,-117592.0,91.6,51.5
66,117966.9,398806.8,227636.8,385704.3,407264.0,12032.2,225133.4,439470.4,200936.5,432772.1,375252.3,186459.2,-23114.7,407074.6,67412.9,368872.0,373730.4,-179831.2,91.3,51.5
