工件号： 423测试
检测时间： 2018/4/23 14:38:52
测量长度： 55 灵敏度： 3
0,2560.4,-271.5,-2862.3,180.1,966.9,4613.4,-5251.8,1394.7,-4892.9,3022.6,1419.9,1349.7,2880.9,-23637.9,890.1,-40100.7,-18101.3,3045.1,82.4,53.4

1,-6451.9,3890.2,-92216.3,5491.6,6580.4,-41140.5,-6763.1,3235.9,-11142.1,5512.8,3680.9,75.5,4579.0,-40200.0,1331.2,-68271.2,-51356.7,2233.2,82.4,53.4

2,11397.7,4545.8,-28680.4,7817.5,6857.2,-28170.5,-4604.1,3388.2,-8907.6,3678.3,2774.9,1676.9,5131.3,-42804.1,2091.5,-65181.0,-17253.6,4435.9,82.4,53.4

3,-1785.5,11494.4,88505.0,14415.1,9856.0,-43992.2,-4728.6,6989.6,-9087.7,7789.7,6049.2,1625.2,4788.2,-35026.3,2091.5,-63592.9,-72526.9,-663.6,82.4,53.4

4,9124.8,14474.7,66028.7,24244.5,13640.2,10886.5,3221.3,8539.4,4128.6,11001.7,7304.9,8111.5,4010.7,-34479.3,5067.7,-61992.8,-73213.1,988.1,82.6,53.4

5,63060.4,35036.9,80127.2,29362.6,38919.2,18205.9,57155.6,28265.8,50742.1,47877.1,53403.1,59281.5,37225.1,4228.0,55012.4,-15510.5,-15661.5,-1857.0,82.6,53.4

6,62983.6,52159.4,-1594.8,39617.2,64751.8,18974.1,26000.9,57037.7,30993.1,57084.0,59611.3,53044.2,64411.4,26162.5,54890.6,-4071.7,-14147.5,328.5,82.9,53.6

7,-29769.2,-72156.1,-1892.8,-68634.1,-74258.1,-75282.0,19939.7,-67945.3,-139290.8,-69183.8,-55970.1,49875.8,4453.1,4997.5,12256.0,-67716.2,-139643.1,103288.2,82.9,53.6

8,-57258.9,-71789.2,-31146.7,-63190.2,-64101.5,13779.3,91585.9,-1090.1,23207.4,-55125.0,-18355.6,89793.7,3716.7,12282.5,21831.2,-32623.6,-88136.7,5408.1,82.6,53.6

9,31824.9,-70088.4,17084.0,-6394.9,-21027.2,-40445.1,151871.3,26332.0,3030.6,-21329.2,29476.5,113712.4,39929.8,12069.3,10102.3,-22408.7,-61049.7,10238.8,82.6,53.6

10,33972.0,50988.5,200021.3,96858.9,47025.4,-19947.7,133354.1,42549.8,58738.4,50808.3,34043.5,6988.3,2792.1,144.4,12581.9,-40756.3,-17394.0,35667.4,82.6,53.6

11,-80149.7,-142656.4,-1602521.3,-238208.0,-120731.2,-101718.6,40479.5,-44874.4,34235.6,-64910.8,-44308.8,40300.7,13907.8,-56744.9,42529.9,-79431.8,-123801.5,125977.7,82.6,53.4

12,119033.1,-8506.2,767258.8,-37286.0,-4544.5,27161.2,8738.0,57759.6,-299.3,39598.7,61255.0,41102.0,22172.9,-6258.5,49984.5,-10460.0,-34242.2,106400.9,82.9,53.4

13,89797.7,87402.9,808400.6,84813.4,66761.2,75965.5,-46957.9,47304.9,16747.6,51894.5,64843.2,-19923.8,14083.9,-25845.9,55733.0,-61227.2,-63055.1,19633.8,82.6,53.2

14,11477.2,23489.5,176746.3,85405.5,32524.3,22754.4,-50792.4,59690.7,18947.7,49416.2,58070.8,-55200.5,24512.1,7059.8,-41472.9,482.1,-18433.7,-113480.6,82.6,53.2

15,-53898.5,-75505.8,-275196.0,-19338.4,-50119.6,4438.6,-14547.5,-35489.9,15070.7,-63390.2,-56627.1,-53722.3,-21200.7,14730.3,-39202.6,-25141.2,-29122.8,-169115.6,82.6,52.9

16,78874.2,-44336.6,84306.1,-56364.8,-71711.0,20582.1,-82662.4,-44745.9,55546.2,-68068.5,-60963.6,-29487.1,10997.7,-91008.4,-25812.8,-110195.7,-86677.1,-15653.5,82.6,52.7

17,139354.3,-60142.4,111193.1,-49817.6,-29117.5,8376.4,35299.2,-57052.2,-51719.6,-24314.7,-36811.8,3050.4,-38645.0,-10844.1,-56858.9,-100060.3,-59055.0,-82781.6,82.6,52.4

18,55294.6,12038.8,29587.7,-12305.0,-20505.3,-52868.0,-11539.5,6685.0,-10959.3,-24316.0,-4230.6,56760.8,37850.3,-2405.4,44095.5,-7032.0,-31113.6,-89160.6,82.4,52.2

19,-6606.8,-1912.6,-97203.3,-56707.9,-69203.6,-46451.9,27243.3,-64622.0,26351.9,-75284.6,-61881.5,29586.4,24680.3,25362.4,63304.1,-21097.4,-13856.1,45189.6,82.4,52.2

20,58221.8,-26842.0,-195581.4,-35542.9,-47172.4,-46902.2,38472.8,-57927.8,-40838.5,-46262.5,-64898.9,-43241.2,-58317.2,-27978.4,-82593.5,-69295.0,-77998.6,19656.3,82.4,51.9

21,37733.7,-2512.7,-197397.3,-12277.2,-25836.6,-8875.8,-228952.1,-65263.1,-65014.1,-61394.1,-67166.5,-216697.3,-38022.5,24824.7,-127746.0,-35172.0,-18949.0,-72785.2,82.6,51.7

22,54423.0,116137.7,-177591.4,91886.5,24065.7,-61445.8,-137579.4,63684.3,-72284.5,58987.4,60938.5,-12840.2,20962.3,-8018.8,18637.7,-25722.7,-26565.1,30650.0,82.6,51.7

23,-74438.3,10893.1,-216428.5,29296.3,57454.9,-42140.5,248309.0,16040.3,128632.1,66232.7,63953.1,208421.6,-10355.3,-2549.8,128576.5,-11192.4,-63214.0,7061.2,82.9,51.7

24,-47222.8,16321.1,-91862.7,46514.1,22652.4,-79165.6,146298.9,36642.3,15842.9,16515.8,32907.1,-6549.9,-47095.6,17832.4,-5682.3,-12143.5,-8855.9,-38602.6,83.1,51.5

25,133286.6,-64876.3,-57564.8,-42801.4,-30687.1,-19978.2,-204469.1,-43196.2,-129045.4,-37969.5,-28265.8,-187714.9,-122139.2,-74373.4,-158038.4,-145979.7,-104259.1,-167761.9,83.6,51.5

26,-30158.6,-32300.4,-106207.5,-55211.1,-59598.0,-113878.0,22770.3,-63261.7,-94664.1,-59176.8,-54629.6,84739.3,-95497.2,-14725.0,27252.6,-97070.8,-56452.2,-154222.4,84.3,51.2

27,-110247.4,-172340.9,63101.5,-128205.6,-178896.1,-232030.3,118215.9,-118541.7,-85775.1,-124945.9,-114609.1,102422.0,-40688.8,-112678.0,65970.4,-81339.2,-102133.2,-154667.4,84.8,51.2

28,-326085.1,-203155.2,-454292.1,-193835.6,-211381.9,-158541.7,93343.5,-108700.3,62769.0,-131343.5,-83937.9,109695.1,19595.4,-105924.1,70357.3,-121186.8,-154018.4,-221367.7,85.3,51.2

29,2743.1,-144081.7,-505256.7,-201133.9,-140202.1,63190.2,124767.1,-107676.5,139738.5,-145365.1,-61926.6,-27407.5,19967.6,3710.1,-51751.4,-124850.5,-92587.2,157100.6,85.5,51.2

30,282429.3,-198435.8,63324.0,-182545.2,-188271.2,162659.8,-40989.5,-204375.1,89955.3,-252727.7,-173703.8,-124087.6,-62014.0,-118064.9,-117708.6,-208367.3,-202518.1,207071.8,86.0,51.2

31,221807.4,-162802.8,164943.3,-132036.2,-136498.6,115156.2,-181443.2,-216986.1,-883.5,-201669.0,-169482.5,-170608.4,21248.4,-118560.3,-132167.3,-152656.8,-142423.3,416753.1,86.3,51.2

32,-70089.8,-395317.9,-346185.1,-362459.8,-378916.0,-9930.1,-379179.6,-539562.5,-265765.2,-538090.9,-458177.0,-334588.7,124549.9,-411824.4,-207626.8,-486706.4,-497557.1,1532069.9,86.5,51.2

33,82216.0,-99457.6,-88649.3,-12885.2,-44231.9,132872.0,-62725.3,-197829.2,-75644.9,-178190.1,-173044.2,-14841.6,273418.4,-292036.3,42727.3,-309285.9,-342110.8,967355.6,86.5,51.2

34,233508.5,11177.9,59294.7,113341.6,49159.3,199152.4,-23060.4,-144962.5,-75.5,-85514.1,-132534.2,28189.0,377693.5,-439163.1,79643.7,-313195.9,-492436.4,561573.8,86.5,51.5

35,98953.0,317631.8,122904.8,382999.6,331535.6,92616.4,174996.6,261031.3,163025.3,310509.8,223667.1,251148.8,248471.9,22738.5,201544.5,48164.5,-74350.8,-10992.4,86.5,51.2

36,84144.5,450559.5,215681.4,440851.9,452486.7,66549.3,267542.7,460067.1,182775.7,515735.2,442254.6,263749.2,127629.4,237209.3,193435.6,270280.6,193089.9,-267080.5,86.5,51.5

