工件号： 423测试
检测时间： 2018/4/23 14:37:25
测量长度： 55 灵敏度： 3
0,-2605.4,-3198.8,70030.2,-2936.5,-2242.5,19958.3,4094.2,-2714.0,-1855.7,-2691.5,-2875.6,8866.5,2731.2,-362.9,-25379.7,-2351.1,-2528.6,1570.9,83.1,50.5

1,13101.1,-3418.7,48997.7,-3665.0,-3122.0,24628.6,65575.7,-5624.0,43720.7,-4944.5,26183.7,49347.4,-307.3,-3555.1,4714.1,21587.5,27089.7,-1500.7,83.4,50.3

2,-1443.8,169.5,8606.9,437.1,-225.2,-4775.0,4135.2,-2549.8,-2096.8,-3136.5,6645.3,18656.3,2478.2,-2106.0,-14766.1,11462.6,21853.7,936.5,83.4,50.0

3,-13.2,396.0,18372.8,2283.5,789.4,-3910.1,-7000.2,-287.4,2254.4,604.0,-190.7,11319.6,3724.6,-3682.2,-30974.5,5850.5,21976.9,970.9,83.8,49.8

4,3775.0,2994.8,52701.1,5845.2,2759.0,11682.5,-5993.6,1945.8,4126.0,3245.1,1884.8,2404.1,3180.2,-4537.9,-31043.4,127.2,25967.8,264.9,84.1,49.5

5,-1790.8,3329.9,79370.9,7173.8,3547.1,5459.8,-5829.3,2245.1,2887.5,2922.0,2641.1,2412.0,5610.8,34.4,-54849.5,-1457.0,8185.7,2984.2,84.1,49.3

6,-2535.2,3037.2,59107.9,4029.3,2937.8,-674.2,-7564.5,1483.5,1601.4,1580.2,1675.6,3459.7,4143.2,-805.3,-40372.2,2723.3,12528.9,2719.3,84.1,49.3

7,-43329.9,120156.3,-27930.7,137962.2,67452.6,-41994.8,51608.4,69656.6,46055.8,84571.0,52477.3,39676.8,143988.9,93174.0,14536.9,83749.8,26904.2,119647.7,84.1,49.3

8,54185.9,22914.7,50448.0,28394.3,28970.5,61851.1,2090.1,21451.1,55473.4,27542.6,27920.1,14891.9,21261.6,17162.2,-41573.6,24545.2,19930.5,99506.6,84.1,49.3

9,37580.1,54485.3,17376.7,59613.9,65640.6,1438.5,12822.9,65697.6,8261.2,63280.3,67485.7,14796.5,70648.7,62243.1,-5152.5,68648.7,12126.2,18431.1,84.1,49.3

10,11966.0,56347.6,60040.4,47646.6,61841.8,10705.0,14940.9,59530.5,10552.7,63698.8,68477.8,13128.9,64704.2,68370.5,11653.4,64994.2,8528.8,43842.5,83.8,49.5

11,8494.3,16203.2,105080.3,-6379.0,36878.1,7681.1,23467.0,59968.9,10114.2,58330.4,61990.2,15567.4,30419.6,57334.4,-15472.0,58025.8,-21670.9,43508.7,83.8,49.5

12,27479.1,10422.9,103533.3,27297.6,15947.6,7424.1,2491.5,14767.4,10585.8,16739.6,26998.3,63463.1,60464.3,7788.3,-3367.0,9250.6,5112.8,-25285.6,83.6,49.5

13,12109.0,15837.6,160576.2,-30046.0,27027.4,19525.2,-3716.7,50785.8,6593.6,26420.8,56315.8,54334.3,5214.7,62758.4,-31198.4,55966.1,-61579.5,77398.6,83.6,49.5

14,28928.1,18363.5,530539.7,24816.7,23183.6,71656.7,62333.2,34558.8,18839.0,37716.5,42369.6,60999.4,18821.8,26317.4,-6398.9,25460.5,-25449.9,133654.8,83.8,49.5

15,-15334.3,-33930.9,-864376.0,-58533.1,-25247.2,13411.0,64594.2,53689.2,33851.5,61104.0,66461.8,29357.3,42184.2,62048.4,18465.5,65955.9,2442.5,152626.3,83.6,49.5

16,82886.2,-1706.0,288845.5,-18403.3,2687.5,24879.0,-3688.9,17964.8,2951.1,-19934.4,8180.4,54993.9,18652.3,56335.7,5772.4,36460.8,-46685.0,74960.1,83.6,49.5

17,22660.4,43763.1,186463.2,37543.0,54640.2,66810.2,-67958.6,36573.4,-41080.8,16258.8,35289.9,727.2,12873.3,25553.2,8343.3,57150.3,-28444.7,33373.3,83.6,49.5

18,51854.7,51612.3,106044.6,20811.3,53381.9,9395.0,-35075.3,11102.4,74852.8,-9652.0,-4650.5,-46734.0,53676.0,53245.5,-70929.5,46740.6,-22731.9,-104800.9,83.6,49.5

19,-74578.7,-76411.8,6686.3,22684.2,-67701.6,50012.3,-46755.2,-74244.9,-16261.5,-78327.1,-73011.7,-29328.1,-55342.3,10620.2,-121600.1,-53813.7,-110289.8,-130975.3,83.6,49.5

20,39902.0,-72095.1,-11514.3,-60141.1,-70623.6,60931.8,834.5,-68316.2,22241.8,-72712.4,-65301.5,-64909.5,12432.2,46983.0,-55951.5,-46583.0,-25742.6,-160018.6,83.4,49.5

21,71026.2,16368.8,170077.2,8911.6,19065.5,44430.6,-27793.0,23823.3,33044.8,9157.9,17886.7,-62163.7,32077.9,58331.8,-75105.8,55113.1,5862.4,36327.0,83.4,49.5

22,119414.6,-36724.4,99187.4,-35142.9,-26880.4,29594.4,1098.1,-46504.9,-68321.5,-52371.3,35140.3,39211.9,-14685.3,26996.9,-6512.8,1841.1,-45845.2,-22399.4,83.4,49.5

23,15733.0,-29457.9,93436.2,-30995.7,-28404.9,10584.5,33346.8,-43964.4,23392.8,-64363.7,-43251.8,61428.6,-7542.0,43384.2,-40457.0,-10470.5,-7118.1,-117731.1,83.1,49.5

24,39925.8,-2009.3,149822.2,5590.9,3439.9,-20767.6,48551.3,-30.5,56196.6,12891.8,15547.5,32740.2,61069.6,36641.0,-18991.4,11417.6,15287.9,-69881.8,83.1,49.8

25,1102.0,-63492.2,-82037.2,-64108.1,-25937.3,13548.8,57664.2,-70773.2,44173.7,-64920.1,-66167.8,49283.8,20735.8,49189.7,-19725.2,31561.3,-5086.3,120026.5,83.4,49.8

26,20886.8,-16611.2,-154864.8,-33950.8,-43078.3,-37123.1,-35684.6,-38344.3,11930.2,-40307.3,-39513.9,-30163.9,20798.0,29257.9,-90736.8,18309.2,-31561.3,56415.1,83.4,49.8

27,42714.0,54570.0,3181.6,5099.5,-11543.4,-11275.9,-222530.6,-60717.3,-83435.9,-72246.1,-64317.4,-156083.4,-24245.8,52970.0,-155365.5,37703.3,-439.7,-90453.4,83.8,49.8

28,45887.6,144178.3,-7820.1,92528.9,10185.8,21945.1,-80720.6,45262.4,-21894.8,44561.8,69840.8,24459.1,26067.1,11417.6,-26120.1,18258.9,-26881.7,39417.2,84.1,49.8

29,26014.1,82320.6,-111839.5,66944.0,14910.4,52505.1,260331.9,54346.2,124238.6,27341.3,19685.4,242549.9,28407.6,1744.4,72513.7,28169.2,-9318.2,20362.3,84.6,49.8

30,-6291.6,102456.4,-59660.3,22934.5,19831.1,-25106.8,41882.2,12622.9,35456.8,23963.7,17662.8,-678.2,14240.2,45148.5,-34611.8,45458.5,7413.5,10004.3,84.8,49.8

31,139884.2,26174.4,190202.4,39437.1,39221.2,33311.1,-167290.4,40634.5,-26138.6,44030.6,55946.2,-82747.1,-73312.4,36903.2,-102782.3,45688.9,-10853.3,26533.3,84.8,49.5

32,88870.5,26881.7,54739.6,12946.1,8551.3,31958.7,-75802.5,45830.7,-46026.7,39088.7,60537.1,853.0,-63314.7,3029.2,-39178.8,62784.9,-11969.9,-40593.4,85.0,49.5

33,55550.2,-4639.9,30699.0,17423.1,26565.1,64864.4,124106.1,26750.6,46391.0,24439.2,31520.3,130503.7,27108.2,14640.2,-33572.0,27959.9,-12585.9,70847.4,85.3,49.5

34,-42340.5,8095.6,92531.6,28158.6,25056.5,-58805.9,103000.8,22398.1,80617.3,23447.1,25094.9,129232.1,43892.9,9242.7,42181.5,15648.2,-31164.0,31260.7,85.5,49.5

35,-192312.4,-49927.5,10318.2,-66337.3,-22040.5,-120552.4,172962.1,33422.3,91389.8,-36063.5,37569.5,116743.0,57612.5,32574.6,85045.2,58811.2,2915.3,30313.6,85.5,49.5

36,-109124.2,-90238.8,-513653.0,-143918.7,-47175.1,84719.4,93864.1,-43949.8,116602.6,-39588.1,-43091.5,96933.1,52314.3,-15315.7,-14317.0,-55178.0,-120810.7,-71573.3,85.3,49.5

37,145884.4,-101938.5,-196434.4,-103739.9,-95162.1,114247.5,27181.0,-57398.0,131538.2,-89262.6,-46499.6,-20224.5,118284.8,-53142.2,-92665.4,-49320.9,-92354.1,327932.9,85.3,49.5

38,261312.1,-61331.9,386595.7,-65938.6,-23011.4,150870.0,-23390.2,-84952.5,151972.0,-95076.0,-59184.8,-28373.1,46869.1,-23547.8,-92224.3,-27577.1,-87588.4,221656.4,85.5,49.8

39,308850.1,-4246.5,537479.0,3000.1,-30448.7,163421.4,-65967.8,-75611.8,14808.4,-91453.4,-60502.7,-46742.0,80170.9,-56162.1,-115064.8,-25867.1,-80343.1,453310.6,85.5,50.0

40,113413.1,-147283.1,63987.6,-147492.4,-127612.2,75003.8,-226569.2,-174752.9,-106342.6,-189141.4,-160704.7,-180955.7,60335.8,-112968.0,-173042.9,-133130.3,-181506.8,585574.6,85.3,50.0

41,-21199.4,34177.3,-142321.3,121642.5,4665.1,46630.7,-111402.4,-55608.5,-84802.8,-33896.5,-40421.2,-27955.9,177775.5,-27485.7,-34288.6,-66403.6,-77068.8,577981.0,85.3,50.3

42,-75305.8,-339640.5,-351140.3,-287885.2,-288560.7,45825.4,-155146.9,-401205.5,-138331.8,-380881.7,-370544.9,-87699.6,199071.6,-404965.9,-102339.9,-404003.0,-462803.6,363735.4,85.3,50.0

43,141055.1,-187724.2,-173460.1,-136232.4,-175032.4,155044.9,-25394.2,-275985.4,496.7,-219901.4,-239087.5,8542.0,230423.6,-381339.9,-22767.7,-360386.9,-582234.1,9673.2,85.3,50.3

44,-142161.1,-307713.6,-1313988.4,-231071.3,-326767.3,-23955.8,-196690.0,-604905.1,-205477.1,-515863.7,-565473.3,-115214.5,479477.0,-967292.0,-1763.0,-708802.6,-1359456.2,233682.0,85.3,50.5

45,-156401.3,-9959.3,986958.9,88083.7,-42034.5,-134825.7,-69818.2,-326760.6,-237524.5,-223520.1,-338905.4,25382.3,342516.1,-818934.8,84567.1,-549973.4,-1191769.8,323461.2,85.5,50.3

46,-201495.5,115837.0,379378.3,107134.7,62898.8,-249095.8,-1573.6,-168081.1,-170268.0,-94715.8,-175122.4,98906.6,335402.0,-599885.0,95805.9,-383810.2,-864589.3,691411.3,85.5,50.3

