工件号： 423测试
检测时间： 2018/4/23 14:31:27
测量长度： 55 灵敏度： 3
0,-1212.0,-8295.6,-60223.2,-76414.5,-7666.5,-1165.6,-22286.8,-8996.3,-364.3,-11442.8,-7495.6,-39000.0,8171.1,-15868.1,5504.8,-12154.1,-18636.4,14285.2,83.1,54.4

1,-4137.9,-14276.0,-56205.9,-30336.1,-12588.5,6812.1,-20615.3,-12432.2,-361.6,-15958.2,-9882.5,-34789.2,5442.6,-25261.8,3617.3,-18531.7,-8393.7,7089.0,82.9,54.4

2,-4630.6,-9098.3,-53962.1,-72321.6,-10407.0,6412.1,-22558.4,-9597.7,-1058.3,-12566.0,-8935.4,-39747.0,1242.4,-21824.6,2340.5,-7883.7,-3869.0,-1945.8,82.9,54.4

3,-74.2,-10436.1,-41488.8,-40257.0,-8715.5,1450.4,-14517.0,-19215.2,521.9,20643.1,20749.0,-23251.1,12073.3,20787.5,7736.7,25986.3,38957.6,22463.0,82.6,54.4

4,-2520.6,-2494.1,-41537.8,-31940.1,12143.5,-1739.1,-15964.8,-18652.3,-1043.7,38578.8,33859.4,-22934.5,7569.8,39184.1,4943.2,50200.4,40621.2,17644.3,82.6,54.1

5,-4367.0,2643.8,-31316.3,-9045.3,-1021.2,15143.6,-9505.0,50.3,2945.8,992.1,-15.9,10905.0,-6945.9,-14779.3,-1451.7,-6188.3,-11781.9,48361.9,82.4,54.1

6,-7559.2,3339.2,2635.9,-13050.8,-576.2,10470.5,-19419.2,-2479.6,-227.8,-5588.3,-4537.9,4067.7,-6988.3,-16307.8,-2311.3,-7585.7,14845.5,33887.2,82.1,54.1

7,-1596.1,5188.3,-45246.6,-30068.6,-5073.0,588.1,-18966.2,35402.5,4545.8,46896.9,60252.4,-23237.9,7271.8,41050.4,2490.1,50311.6,30993.1,22912.0,82.1,54.1

8,906.0,-3005.4,-46844.0,-19739.7,-7753.9,-1335.1,-24018.0,12669.3,9045.3,22823.3,32783.9,-32675.3,6956.5,43880.9,2608.0,53446.8,33296.5,22602.1,81.9,54.1

9,13968.7,-13175.3,-58182.1,-83975.0,-14068.0,54397.9,24988.9,-12687.8,30003.7,-14910.4,-10320.9,-24260.4,5234.6,-19538.4,4906.1,-9834.8,20749.0,11674.6,81.7,53.9

10,72972.0,36773.4,-24424.7,-42265.0,-1882.2,68310.9,29961.3,20657.6,-2184.2,45360.5,8392.3,29616.9,4859.8,29901.7,7161.8,6614.8,2600.1,2845.1,81.4,53.9

11,27655.2,10965.9,23611.4,-54461.4,-8969.8,46776.4,-15661.5,18072.1,5788.3,-6008.1,-8009.5,-19505.3,37660.9,-23327.9,4329.9,-21788.8,-33268.7,67132.1,81.2,53.9

12,67985.1,-107745.3,-12866.7,-165919.5,-66506.9,48119.5,-102619.3,-126262.5,-66906.9,-110553.4,-99534.5,-136476.1,-53205.8,-74227.7,-42140.5,-67757.2,-65518.8,-86610.9,81.2,54.1

13,51324.9,-62273.6,-78517.9,-98115.9,-91111.7,5426.7,-62053.7,-59041.7,-36581.4,-57278.7,-59223.2,-93253.5,-15152.8,-72113.7,9274.5,-152541.5,-86755.2,-37815.8,81.2,53.9

14,46855.9,-11559.3,-144041.9,-45010.8,14574.0,12750.1,-1494.1,24996.9,-66913.5,1555.0,17782.1,-13162.0,61685.5,34346.8,73801.2,39186.7,22718.6,48189.7,80.9,53.9

15,-51875.9,-91318.3,360952.5,-147195.7,-77776.1,-71795.8,22800.8,-73929.6,-68835.4,-84730.0,-65404.8,-3898.1,64008.8,18469.5,67555.9,-27446.0,-61088.1,8014.8,81.2,53.6

16,-59515.9,-67049.9,-251838.9,-155381.4,-56119.8,-74410.4,12499.8,18280.1,50021.5,17746.3,22354.4,19927.8,24859.1,20855.0,60640.4,20163.6,47610.9,25122.7,81.2,53.6

17,62294.8,41393.4,-92646.8,4296.8,17439.0,70771.9,-10584.5,83873.0,35595.9,74088.6,37733.7,-18681.4,8961.9,80149.7,11375.2,54372.7,64298.8,35664.8,80.9,53.6

18,93379.3,-17804.6,46865.1,37324.4,2669.0,66555.9,64800.8,-10936.8,54305.1,-8289.0,-3743.2,44233.3,49501.0,5275.7,125714.2,-5953.8,24286.9,71519.0,80.9,53.6

19,29630.1,-3278.3,80365.6,-19371.5,19153.0,66533.4,82544.5,20339.8,153115.1,1588.1,10192.4,62754.4,99686.8,21196.7,157909.9,5753.8,-5824.0,61943.8,80.9,53.6

20,105902.9,65414.1,62579.6,-7079.7,68316.2,123858.5,69260.6,105924.1,157206.6,76570.8,77422.5,109883.2,79329.8,72288.5,134612.5,62622.0,44024.0,32015.6,80.9,53.6

21,67505.6,26974.4,-215746.3,-36274.1,17893.3,63060.4,89135.4,45474.4,143685.6,39631.8,40071.5,22971.6,138429.8,6172.4,28359.9,19504.0,19587.4,62033.9,80.7,53.6

22,24350.5,-91809.7,183659.1,-167179.1,-83225.3,32617.0,14005.8,35055.5,129759.3,23840.5,41409.3,19677.5,29742.7,36290.0,64232.6,37041.0,40064.9,-30011.6,80.7,53.6

23,145498.9,-23225.9,524103.7,-99636.5,-17154.2,129279.8,28610.2,31140.1,13473.3,25412.8,37719.1,-48850.6,59441.7,36593.3,27216.8,39532.5,41870.3,40149.7,80.5,53.6

24,52209.7,14936.9,-207282.4,-23924.0,23655.1,68689.7,22323.9,19335.7,21669.6,22860.4,47826.8,-74553.5,37389.3,24651.2,30749.4,32166.6,43108.7,55122.4,80.5,53.6

25,-145823.4,62074.9,-494478.8,-6308.8,77017.2,-97284.1,-65110.8,42249.1,-45952.5,39537.8,21317.3,-98546.4,21456.3,80070.2,-27158.5,89463.9,73350.8,105358.5,80.2,53.6

26,-16216.4,18486.7,-70783.8,-71369.3,34313.7,47520.8,-26955.9,7951.3,33471.3,11285.1,16211.1,-44628.0,47895.6,57215.2,15385.9,45738.0,56948.9,-51787.2,80.5,53.4

27,80393.4,-20498.7,94223.0,-65200.9,32300.4,39333.8,-60632.5,26845.9,71150.7,-30152.0,-3835.9,-72218.3,64746.5,31908.4,-31760.0,41544.4,40880.8,57741.0,80.2,53.2

28,157966.9,-4688.9,58150.3,-42171.0,26521.4,144367.8,-52429.6,26365.1,27849.9,-30916.3,30803.7,-47065.2,4506.1,34991.9,23925.3,37505.9,34630.3,21355.7,80.2,53.2

29,75740.3,-70234.1,68872.5,-138064.2,-70542.8,49669.2,4365.7,-30823.6,-22586.2,-87539.4,-47561.9,-34320.4,-70325.5,28309.6,44149.8,1500.7,31823.6,-123343.2,80.5,53.4

30,60921.2,-36146.9,78813.2,-150672.6,-57672.1,-73137.6,-28900.3,14249.5,-6783.0,-31581.2,-21281.5,-5099.5,16477.4,38145.7,626.5,38601.3,35765.4,-60578.2,80.5,53.2

31,-4078.3,-16591.3,-130077.2,-114039.6,-44779.0,47993.7,13432.2,-22153.1,7153.9,-62068.3,-27153.2,-36497.9,-15082.6,-2266.3,20037.8,9106.3,-14882.6,2816.0,80.7,52.9

32,36301.9,-76817.1,-196735.1,-128057.3,-70740.1,63587.6,9046.7,-86381.7,55411.1,-97380.7,-77460.9,-62701.4,-53714.4,-42680.9,-97372.8,-49424.2,-40631.8,-50642.8,81.2,53.2

33,28761.2,1965.6,-51368.6,-89169.9,-21092.1,20927.9,-86980.4,-20419.2,19096.0,-57551.6,-27378.4,-206772.5,-63469.7,27778.4,-151978.6,37165.5,43304.8,-65830.0,81.7,52.9

34,23433.9,101526.6,-27477.7,-37132.4,-4826.7,56383.3,-210672.0,33591.9,-70635.5,20921.2,34299.2,-179363.6,66520.1,41431.9,6952.6,46895.6,38495.3,23675.0,81.7,52.9

35,1314.0,-1698.1,-184085.6,-23036.5,32904.4,22351.7,94897.2,28002.3,55578.0,-22274.9,-1504.7,171163.4,-34274.0,-1792.1,124677.0,300.7,-36237.0,-32774.6,82.1,52.9

36,-86773.8,4812.1,-104582.3,-24864.4,41449.1,-80921.9,162633.3,14126.3,-2980.2,44099.5,53164.7,94740.9,20244.4,41021.2,42094.1,46682.4,44519.4,3278.3,82.4,52.9

37,75388.0,15917.1,-194180.0,-65051.2,-20163.6,-3318.0,-150109.7,-82012.0,-50017.6,-90861.3,-75696.6,-199386.8,-55306.5,28281.7,-103232.6,-2520.6,33072.6,-90260.0,82.6,53.2

38,26978.4,6225.4,-189979.9,-53580.6,-4890.2,-4194.8,-184953.2,-91034.8,-97884.1,-89927.5,-80264.9,-86295.6,-57506.6,29129.5,-12746.1,8372.5,31726.9,-144002.2,82.9,52.9

39,-65161.1,-47906.2,-16784.7,-131053.4,-63832.6,-89163.3,70560.0,-68786.4,-63192.8,-65664.5,-85833.3,92893.2,-82168.3,-15917.1,11509.0,-61718.6,-57607.2,-187652.7,83.1,52.9

40,-70888.5,-84900.9,60869.6,-144506.8,-65379.7,-158601.3,95005.8,-85673.1,-112444.8,-98668.2,-73529.6,64236.6,58672.2,38968.2,113515.1,24015.4,-64407.5,-24179.6,83.4,52.9

41,-304663.2,-122051.8,-344918.9,-156825.1,-80166.9,-73013.0,85185.6,-56792.6,80651.7,-70329.5,-29538.7,65234.0,17176.7,38993.4,115690.0,16918.4,-116.6,-45088.9,83.6,52.9

42,-107905.6,-59195.4,-396243.8,-185257.9,-52785.9,119806.7,80023.9,-84127.3,189303.0,-69925.5,-64934.6,7618.8,-3453.1,39528.5,-66208.8,28912.2,-13944.8,260512.0,84.1,52.9

43,270897.8,-96665.5,-96574.1,-233920.4,-102018.0,207293.0,79474.2,-82351.1,107604.9,-117986.7,-55738.3,-93438.9,-36760.2,-25150.5,-91759.4,-72565.3,-35798.6,-8348.6,84.1,52.7

44,323934.0,-99278.8,218439.1,-188652.7,-103974.3,193818.4,8034.7,-116603.9,142611.4,-128818.9,-49293.0,-116875.4,-15216.4,-102591.5,-57941.0,-39642.4,-47267.8,112352.1,84.3,52.9

45,207644.1,-45915.4,116203.9,-37516.5,-20538.4,158468.9,-144381.0,-129234.8,44483.6,-119116.6,-86748.6,-209947.4,-33956.1,-49340.7,-110752.1,-69795.7,-7798.9,168641.4,84.3,52.7

46,-221098.8,-245069.1,-364323.5,-263010.1,-239385.5,-19354.3,-318429.2,-301800.9,-162752.5,-307693.8,-246327.5,-272240.9,-27444.6,-243932.7,-188438.1,-216139.7,-235719.2,893178.3,84.6,52.9

47,-203923.4,-75860.8,-318695.5,-104939.9,-61285.5,-49049.3,-158974.9,-196480.8,-130573.9,-182135.9,-166495.7,-95725.1,219790.2,-146316.2,28308.2,-158360.3,-85765.8,1161766.1,84.6,52.9

48,-79051.7,-40948.4,-247044.0,-40050.4,-32084.5,51566.0,-92566.0,-183877.7,-69569.2,-130894.5,-137914.6,-4499.5,353577.4,-236846.4,83792.2,-201438.5,-247197.7,888021.8,84.8,53.2

49,91061.3,157794.7,-16578.0,118688.7,161571.0,141713.4,64316.1,47957.9,72529.6,87336.7,60383.5,86145.9,286440.1,-84886.3,139580.8,-2649.1,-66640.6,321638.6,84.8,53.2

50,92506.4,263962.5,136384.7,287049.4,328632.2,155346.9,196508.6,334264.2,164249.2,340705.5,266756.0,146399.6,123516.7,156487.4,225022.1,214590.0,163596.2,-192785.3,84.8,53.4

51,83912.7,252490.6,214256.2,211589.9,262583.6,144771.7,160292.8,386689.8,238035.8,330091.9,293000.6,148103.0,39809.3,192675.3,121194.8,298384.8,205681.1,-395217.2,85.0,53.4

