工件号： 424测试
检测时间： 2018/4/24 9:17:38
测量长度： 55 灵敏度： 3
0,18680.1,-26273.7,-2095.4,-1132.5,-14644.2,18024.4,-11662.6,2422.6,-2112.7,-28236.7,-47467.8,-73279.3,-2928.6,-32458.0,838.4,-11142.1,-5524.7,-21526.5,82.6,48.3

1,-26810.2,-20915.9,-68.9,-69585.1,-69680.5,-49224.2,-53548.8,6437.3,-4200.1,-24753.1,-46920.8,8830.8,19286.7,-27951.9,50959.3,-15474.7,-71620.9,-69534.8,82.4,48.3

2,-56774.1,-20570.2,-22123.9,-72730.9,-69922.9,-55019.1,-37475.4,4420.0,-5857.2,-27502.9,-32591.8,3582.9,54554.1,-33725.6,48005.6,7498.3,-1206.7,-74063.4,82.4,48.3

3,-26679.0,-17444.3,-25174.4,-74793.2,-69718.9,1521.9,-67216.8,5869.1,-5451.8,-25635.3,-46722.1,-71424.9,58972.8,-34450.2,53951.5,7636.0,3049.1,-58323.8,82.4,48.3

4,-37233.0,-15495.9,-45704.8,-71485.8,-67259.2,-19562.2,-65802.2,8515.5,-4547.2,-23375.6,-44577.7,-70234.1,55502.5,-35180.0,51408.3,22659.0,1948.4,-56684.0,82.4,48.3

5,-56321.1,-19227.1,-66916.2,-55902.5,-70643.4,1223.9,-66589.0,5993.6,-5270.4,-25525.4,-47040.0,-70016.9,-5450.5,-28679.1,-15583.3,-1698.1,2561.7,-49652.0,82.6,48.1

6,-47457.2,-18972.8,-60882.8,-73798.5,-70024.9,-50552.7,-61437.8,1491.4,-4043.8,-29832.8,-23188.9,-69692.4,88110.2,-30579.8,-10263.9,2963.0,-2437.2,88.7,82.4,48.1

7,-43035.9,-23241.8,-58445.7,-76976.1,-73215.7,-46738.0,-65040.6,-198.7,-288.8,-4919.4,-13252.1,-68616.9,119578.8,-29379.8,-8993.7,17951.6,-2757.7,-27171.8,82.6,47.8

8,-41556.4,-24377.0,-56403.2,-54405.8,-68257.9,-45741.9,-57474.8,2894.1,-2349.7,9968.5,22631.2,-41918.0,67904.3,-33805.1,-17126.4,7396.3,-5881.0,2121.9,82.6,47.8

9,-48046.6,-20901.4,-62961.1,-72133.5,-69957.3,-49224.2,-57620.5,2956.4,-3274.3,-27732.1,-32948.1,9379.1,1304.7,-28426.1,37843.7,-17314.5,-57171.5,-87844.0,82.6,47.6

10,-52993.8,-15228.3,-56599.2,-61225.9,-64125.3,-51495.8,-47376.4,10665.3,-3624.0,-20011.3,-44641.2,6716.8,45347.2,-31517.6,45543.2,-10962.0,-51608.4,-142493.5,82.6,47.6

11,13640.2,-14731.6,1041.1,-59453.6,-63751.8,-3993.5,3939.2,10719.6,8444.0,-19080.1,-44710.1,2598.8,-16449.6,-35266.1,33378.6,12775.3,-30956.0,-164532.7,82.6,47.6

12,7201.6,-17511.8,-13379.3,-72303.1,-68260.6,16024.4,-11291.8,13172.6,60086.8,-18007.2,-41302.0,6588.3,-87304.9,-27820.8,20481.5,-16038.9,-74267.4,-259269.6,82.4,47.6

13,-1349.7,2663.7,-17412.5,-69936.1,-59292.1,10893.1,-57088.0,30426.2,6747.2,-7747.3,-28710.9,-60456.3,-63011.4,-27024.7,27966.5,-13841.5,-65702.9,-256412.6,82.4,47.6

14,-8044.0,107917.5,-14874.7,36377.4,35864.8,-6797.6,71077.9,143361.1,83275.6,93526.3,61298.7,83243.9,54934.3,60325.2,100755.7,83765.7,2014.6,-78413.2,82.4,47.6

15,254298.6,343124.1,112937.6,299471.0,240911.4,226128.1,426377.2,396413.3,454725.2,335339.7,328362.0,427802.4,466472.6,338841.8,515465.0,327815.0,265669.8,159348.4,82.6,47.6

16,338966.3,395976.2,271333.6,338661.7,315229.1,338225.9,508017.0,491151.6,568582.0,431495.3,406494.4,397447.8,220648.5,432549.6,420457.8,380349.2,375584.8,-412228.4,82.6,47.6

17,52709.1,203306.2,-63631.3,93307.8,101492.1,92956.8,213788.6,277413.3,321213.4,218929.2,203655.8,112040.8,-34215.7,253759.5,118076.8,208377.9,233847.6,-436119.3,82.6,47.6

18,-181369.0,310491.2,-1978094.2,209090.5,206714.2,172056.1,300379.6,503738.8,452992.7,409046.8,405169.9,177827.2,-125561.8,503452.6,100590.1,409662.7,567770.0,-674388.2,82.6,47.6

19,87902.3,307480.5,-123488.9,214914.5,207616.2,128723.5,86514.2,368630.9,269434.2,286885.1,269439.5,15845.6,-158920.6,366765.9,-20901.4,259431.2,415224.5,-437243.8,82.6,47.6

20,293758.2,158124.5,1342306.0,112748.2,160267.6,86781.7,-59413.9,233439.6,72324.3,195986.7,169526.2,-89556.6,-51762.0,170289.2,-77291.3,176652.3,209128.9,-213144.9,82.6,47.6

21,254815.2,190423.6,1150226.7,50132.8,37672.8,-36013.1,-126067.8,141486.9,-22212.7,85094.2,49695.7,-150459.4,-65508.2,195641.0,-48712.9,92640.2,234735.0,-22330.6,82.6,47.6

22,-30129.5,97983.4,543395.7,-9761.9,25375.7,-211954.1,-178876.2,110023.6,-133652.2,90302.4,77454.3,-93685.3,5932.6,144794.3,-52938.2,102649.8,105451.2,224338.7,82.4,47.6

23,-251391.2,14454.8,86686.4,-85878.4,-71215.6,-257150.3,-273213.1,26894.9,-218007.3,5726.0,-31651.4,-207463.9,13828.3,-3401.4,-56828.4,23995.5,-74345.5,215706.6,82.1,47.6

24,-301889.6,-36079.4,-170086.5,-126002.9,-122753.8,-257877.5,-261335.9,-14472.0,-229540.1,-18215.2,-77789.4,-220949.1,67610.2,-86867.8,-80721.9,-29374.5,-158445.0,172090.5,81.9,47.6

25,-217635.1,-56084.0,-288770.0,-113336.3,-99919.9,-179686.8,-205581.7,-34296.5,-170257.4,-70228.8,-78010.6,-124779.0,139468.3,-177757.0,-8135.4,-43560.4,-208889.1,182946.5,81.9,47.6

26,-186169.2,-53115.7,-317545.8,-164588.3,-107900.3,-91277.2,-104096.2,-44069.0,-61580.9,-52434.9,-130698.4,-63660.4,117622.5,-147154.6,37903.3,-136183.4,-293612.5,254127.7,81.9,47.6

27,-72659.4,-68389.0,-316760.3,-119357.6,-121443.8,6741.9,-2118.0,-50095.7,-22791.5,-75037.0,-83369.7,-39888.8,16310.5,-172000.5,18852.3,-115570.8,-286471.9,77635.7,81.9,47.4

28,-123589.6,-48380.4,-218898.7,-115491.3,-157760.3,9645.4,255.6,-32073.9,42609.4,-51735.5,-80859.7,-7192.3,13360.7,-150104.4,-26949.2,-164314.1,-286571.2,52599.1,82.1,47.4

29,-32497.8,-50907.7,-59311.9,-127459.9,-154435.6,-2022.6,-27305.6,-35434.3,-59841.7,-54081.3,-85082.3,-16458.8,139715.9,-160288.8,18266.8,-99064.3,-278931.2,251225.6,82.4,47.1

30,47976.4,-85140.6,-14534.3,-115495.3,-122212.0,-8740.7,-114427.7,-104064.4,-35448.9,-122779.0,-147416.9,-64188.9,88621.5,-168734.1,45636.0,-114109.8,-253220.4,64863.1,82.6,46.9

31,141427.3,-74897.9,103381.0,-152313.7,-141175.6,40369.6,-81839.8,-67219.5,-52650.8,-62693.5,-106363.8,-129142.1,101041.8,-186624.8,30215.6,-86528.7,-188695.1,-258596.8,83.4,46.4

32,149949.4,-101796.8,135966.2,-139220.6,-113724.3,49014.9,-146367.8,-21873.6,28528.1,-44601.5,-65612.8,-123734.0,7911.5,-182022.0,33021.0,-51697.1,-226003.6,-218371.6,83.8,46.1

33,64651.2,-91208.4,77291.3,-81988.2,-40433.1,71884.5,-131146.1,-37264.8,12078.6,-92442.8,-105145.2,-45739.3,126020.1,-60612.6,-4447.8,-45032.0,-130988.5,-99262.9,83.8,45.9

34,56564.8,-36385.3,-82388.2,-87512.9,-93162.1,21893.4,-49588.4,-63558.4,60429.8,-69893.7,-65936.0,-14931.6,12762.0,-101365.0,-859.6,-55858.8,-177809.9,-124380.3,84.3,45.7

35,20255.0,-34734.9,-84410.8,-27828.7,-41668.9,-18808.6,-53164.7,-36855.5,20533.1,-49599.0,-77974.8,-40292.7,6730.0,-102885.6,-52556.7,-71605.1,-115754.9,-76838.3,84.3,45.7

36,50316.9,-16986.0,-46634.7,-19817.9,-57123.8,48069.2,-85504.9,68174.5,62210.0,19677.5,18439.0,-130869.3,36368.1,6018.7,-100415.3,38700.6,-100251.0,34108.4,84.3,45.7

37,-64191.6,2348.4,-125232.0,-77385.4,-47482.4,8077.1,3486.2,-8891.7,29342.7,-39202.6,-62435.2,-49221.5,8008.2,-46332.7,-35187.9,-36867.5,-134845.6,-63508.1,84.3,45.9

38,-199272.9,-142981.0,-297315.9,-206289.0,-173307.8,-100591.5,-22832.6,-137349.0,28057.9,-166473.1,-125796.3,-40311.3,-100525.2,-112034.2,-71129.5,-85945.9,-170661.4,-113936.3,84.1,46.1

39,127119.5,-158468.9,-103210.1,-235545.6,-211446.8,156380.1,48836.1,-71532.2,180098.8,-97301.3,-115317.8,-48130.1,-79643.7,-92738.2,-44181.6,-78283.4,-139749.1,-2357.7,84.1,46.4

40,35058.1,125454.5,6022.7,61713.3,73401.1,22501.4,-28163.9,78985.4,46667.8,43410.7,8964.5,-61868.3,48376.5,7444.0,34059.4,26921.4,-45062.4,-64551.8,84.3,46.4

41,-67700.3,222384.9,13355.4,185684.4,144578.4,-54710.4,-125225.4,166572.5,-33878.0,145987.7,114117.7,-37553.6,101383.5,90285.1,59307.9,92400.5,53686.6,-96519.8,84.3,46.6

42,-105585.0,121824.0,-132110.4,141122.6,42103.4,-28333.4,-85229.3,118653.0,5723.4,94237.6,82924.6,-15482.6,64623.4,72154.7,-14641.6,103709.4,37459.5,-98759.6,84.6,46.6

43,-217126.5,37446.3,-1321382.1,12677.2,-18526.4,-84883.6,-110430.2,97097.3,39447.7,78475.5,-10348.7,-78337.7,134359.5,-15544.9,-4879.6,8070.5,-54631.0,25588.9,84.3,46.6

44,-36238.3,-12442.8,119833.2,-34285.9,-55264.1,-31749.4,-32466.0,14078.6,124846.6,-376.2,-25853.8,-53694.5,128326.2,8373.8,597.4,25334.6,-19824.5,34018.4,84.3,46.6

45,136082.7,48142.0,884515.8,-23375.6,-10438.8,86649.3,104709.5,15281.3,112695.2,-12980.6,-31553.4,35923.1,121622.6,9322.2,76944.3,32091.1,-12396.4,82410.7,84.6,46.6

46,60840.5,-9577.8,418957.1,-34987.9,-18598.0,3023.9,220071.0,40741.8,121532.6,-5646.5,-23382.2,135605.9,31827.6,6228.0,93434.9,28793.0,-15835.0,-38139.0,84.3,46.6

47,-6212.1,-10755.3,141681.6,-67797.0,-33119.0,-61028.5,98398.0,31679.2,77666.2,11245.4,-15523.7,90812.3,-60003.3,1349.7,17990.0,19379.5,-34095.2,-276666.2,84.3,46.4

48,-105476.4,-19153.0,58685.4,-78045.0,-54823.0,-127547.3,17995.3,62926.6,37809.2,12256.0,-11098.4,-6723.4,-45952.5,9969.9,8151.3,23610.1,-70338.8,-183324.0,84.1,46.6

49,-128432.1,24089.5,-70921.6,-33729.6,-17411.2,-110402.4,-41071.6,22941.2,-82809.4,24184.9,-20284.1,-20795.4,5246.5,-7516.8,6470.4,41535.2,-27488.3,-141537.2,84.1,46.6

50,-51805.7,41949.8,-149317.6,-29728.1,-639.8,-16856.2,-50466.6,65897.6,-80139.1,38168.2,19322.5,-27455.2,22436.5,39453.0,29782.5,54387.3,-10903.7,193135.0,84.3,47.1

51,52742.2,10862.6,-113634.3,-41270.3,-37557.6,8711.6,-152921.7,51764.7,-22841.8,9273.2,10709.0,-144424.7,48495.7,329.8,-65465.8,-60765.0,-17852.3,314704.6,84.3,47.4

52,-9648.0,25396.9,-91098.4,-25396.9,-25444.6,18273.5,-39904.6,51548.7,84564.4,19704.0,9282.4,-56337.0,-82637.2,9828.1,-58998.0,13344.8,-70603.7,-329151.4,84.1,47.4

53,-98509.3,19587.4,-49146.0,-14428.3,-46695.6,-75554.9,-147636.7,54274.7,-9147.3,19602.0,9462.6,-121651.8,-86588.3,17371.4,-83953.8,33451.5,-14272.0,-551034.4,84.1,47.6

54,-78486.1,-4653.1,-138567.6,-18653.6,-59852.3,-93189.9,-165751.3,64958.5,-89898.4,38166.8,18021.8,-154823.7,-110128.2,33670.0,-94935.6,44809.5,-34729.6,-502014.2,83.8,47.4

55,43584.2,92432.2,39598.7,73248.8,77405.2,90040.1,69501.7,87893.0,107110.9,104207.5,71475.2,103775.7,-16640.3,-9923.5,69423.5,8940.7,-54366.1,-94317.1,83.8,47.4

56,69526.8,29802.3,38988.1,-2939.2,33783.9,81333.9,-8616.2,22207.4,41459.7,-5955.2,-6548.6,-26926.7,-50747.4,-11926.2,22188.8,8051.9,-62631.2,10169.9,83.6,47.6

57,67660.5,30793.1,115025.1,-1178.8,3712.7,17274.8,89940.8,56180.7,17470.8,92979.3,-2764.3,77446.3,1450.4,-22341.1,50250.7,-4813.4,-122658.4,-211901.1,83.4,47.6

58,-36021.1,24324.0,-175138.3,-31571.9,-52940.8,-45353.8,-23170.3,21562.3,12437.5,-10580.5,-24983.6,-11018.9,46163.1,-28822.2,22734.5,9171.2,-41487.5,-141355.7,83.4,47.6

59,-104063.1,-81560.4,-444617.6,-132551.5,-35823.7,-14334.3,-19098.7,27500.3,19717.2,3229.2,-16653.5,-23880.3,37483.4,-20751.7,-83083.6,15085.3,-40757.7,7320.8,83.4,47.8

60,-185555.9,-47304.9,-1153024.1,-251044.2,-92819.0,-77801.3,-62660.4,59424.5,11148.7,29716.2,16380.7,-143316.1,6331.3,-31675.2,-82005.4,46661.2,-16372.7,64187.6,83.4,47.8

61,-117279.4,-24055.1,366134.1,-163148.5,-90217.6,-21317.3,-87850.6,49220.2,46229.4,-33818.4,8984.4,-146026.1,-17445.6,-28793.0,-92833.6,39645.0,-66898.9,-72515.0,83.4,48.1

62,-59428.5,12923.6,638796.3,8049.3,-34593.2,-9344.7,-130653.4,21025.9,34301.8,9372.5,-536.4,-147844.7,-98549.0,28155.9,-106826.1,48581.8,-55718.4,-256153.0,83.4,48.3

63,-106957.2,-56249.6,280736.6,-46353.9,-79784.1,-45387.0,-123696.9,-72182.6,-48954.0,-95841.6,-117937.7,-149879.2,23901.5,19996.7,-78321.8,-149.7,-19058.9,-199851.7,83.4,48.6

64,-81777.6,-50305.0,-31030.2,-28443.3,-156430.4,-112519.0,-76353.6,-10886.5,-76581.4,-67787.7,-59557.0,-128887.8,77543.0,-101934.5,33874.0,-85675.7,-110454.0,-48120.8,83.4,48.6

65,2521.9,-76962.8,-123586.9,-51277.2,-153658.1,-59505.3,-1347.1,-50764.6,-65418.1,-62272.3,-82096.8,-19007.3,137453.6,-69855.3,34542.9,-85862.5,-38366.8,-19174.2,83.6,48.8

