工件号： 424测试
检测时间： 2018/4/24 9:23:31
测量长度： 55 灵敏度： 3
0,9413.6,1695.4,-5332.6,-57760.9,-3259.7,17428.4,-1261.0,4602.8,627.8,-21898.7,-68239.4,-2785.5,-6806.9,95040.3,22735.9,13003.1,96986.0,-82258.4,87.9,47.1

1,-6822.7,6188.3,-18.5,-41241.1,2306.0,-3666.3,20968.9,7647.9,3372.3,-18306.6,-67461.9,64957.1,22810.0,109223.5,40019.9,22606.1,148496.4,-82188.2,88.2,47.1

2,-2625.3,6915.5,1296.7,-43948.5,1923.2,25823.4,63961.1,4838.6,42535.2,-20098.7,-42202.7,70945.4,60633.8,51471.9,37586.7,-33615.7,83821.4,-25656.5,88.2,47.1

3,-3057.1,6695.6,2774.9,-47879.8,1410.6,36650.2,65994.3,6991.0,17342.3,-17995.3,-62688.2,73250.1,64275.0,57843.0,37067.5,-51166.0,89600.4,-31769.3,88.2,47.1

4,-455.6,12475.9,-58951.6,-41131.2,6797.6,2994.8,40776.2,7249.2,17899.9,-17597.9,-60941.1,74263.4,66232.7,53367.4,37707.2,-48307.6,84257.1,-24198.2,88.2,47.1

5,12605.7,5228.0,-42017.3,2237.2,1092.8,66761.2,62184.9,3218.7,11751.4,-21526.5,-53768.7,60322.6,64590.2,57734.4,37160.2,-46743.3,85344.6,-30348.0,88.2,47.1

6,74093.9,4151.1,-53729.0,10797.7,-1977.5,70419.6,10065.2,6246.6,-1683.5,-18363.5,-67630.1,55881.3,62057.7,53359.4,36887.3,-44393.5,76907.2,-30622.2,87.9,47.1

7,18268.2,7980.4,-65828.7,-23178.3,-392.1,22881.6,6059.8,3495.5,-621.2,-21818.0,-48463.9,20440.4,60857.7,60547.7,38349.6,-36619.8,106925.4,-35127.0,88.2,47.1

8,1190.8,9977.8,-5828.0,-48752.6,5692.9,1455.7,8920.8,8703.6,11638.8,-21461.6,-66031.4,7720.8,49297.0,120665.0,10181.8,-42592.2,100738.5,-40822.6,87.9,47.1

9,172166.0,101081.5,-161862.4,117509.9,104852.5,182430.0,204797.6,119110.0,187065.9,77058.2,31887.2,119978.9,174786.0,132032.2,73977.3,38133.7,190934.9,138930.5,87.9,47.1

10,167414.9,105320.1,37357.5,134693.3,97986.1,123104.8,138029.8,109763.9,163654.5,93722.3,50950.1,76455.5,138502.7,133709.1,66051.2,51813.7,148820.9,174085.3,87.9,47.1

11,124347.2,128527.5,362657.2,28130.7,105163.8,62733.2,21335.8,129762.0,56386.0,96635.0,43944.5,16760.8,115743.0,158670.2,-1816.0,52065.3,193295.2,-33485.9,87.9,46.9

12,69018.2,86126.1,332984.7,11808.3,74846.2,11155.3,-23343.8,83694.2,12254.7,27487.0,-17227.1,56868.1,38337.7,150234.2,-13183.2,23716.0,154222.4,-209885.2,87.9,47.1

13,-2116.6,42830.6,248078.5,-110493.8,35161.4,-71889.8,-71340.1,32087.2,-15770.1,15664.1,-30700.4,59922.5,6912.8,140574.3,11013.6,-22765.0,157090.0,-357539.1,87.9,46.9

14,-180452.4,1321.9,-1195302.3,-152104.4,-39441.1,-144562.5,48980.5,123622.7,-25104.2,42079.6,14056.1,64184.9,-145712.2,131539.5,-99602.0,30250.0,183390.3,-658800.9,88.2,46.9

15,-87294.3,15548.9,243295.6,-45425.4,42136.5,-96114.5,105212.8,24676.3,-13094.5,-15783.3,-50603.0,18975.5,-27109.5,152913.7,-59942.4,92456.1,196659.6,487328.9,88.2,46.9

16,-32660.7,-17873.4,-65224.7,-76178.7,-37992.0,38798.7,-124647.9,-4959.1,-41478.2,-44474.3,-57541.0,-40789.4,-210555.4,168261.3,-38358.9,45817.4,221639.2,178237.8,88.2,46.9

17,-88465.2,-82794.8,-256511.9,-83115.4,-69554.7,-72492.5,-198463.6,-52068.0,-165924.8,-67525.4,-119018.6,-115896.6,-219439.1,26428.7,-144395.6,-57530.4,32877.9,-222109.4,87.9,46.9

18,-162204.1,-40410.6,-288637.5,-110015.6,-24839.2,-47261.2,-158608.0,-79141.7,-117063.5,-98198.0,-147733.4,-138657.6,169955.4,-36087.3,-102064.4,-112148.1,-70440.8,-44606.8,87.9,46.6

19,-35019.7,-73382.6,-307570.6,-93105.1,-64758.5,-55505.2,-71149.4,-147941.4,-112746.8,-111765.3,-213576.7,-105757.2,-52150.1,-110705.7,-260839.2,-170853.4,-76166.8,-350328.3,87.7,46.4

20,-63941.2,44964.4,-40581.5,-13319.7,29140.1,-470.2,8687.7,-29362.6,43867.7,-72089.8,-105974.4,-60211.3,-79631.8,-56160.8,-153717.7,-182102.8,-15955.5,-9376.5,87.9,46.4

21,104212.8,15395.2,-45210.8,-1996.1,3816.0,85813.5,-38002.6,-37908.6,-48304.9,-63668.4,-109344.1,-27672.5,-44604.1,-25387.6,-52429.6,-180723.9,42751.1,-351520.4,87.7,46.1

22,-15525.0,57449.6,-282760.5,-21168.9,48773.8,28301.6,42496.8,-13996.5,61214.0,10105.0,-123759.1,38291.4,-30027.5,86063.8,3939.2,-38980.1,135870.8,-363017.5,87.5,45.9

23,107758.6,14725.0,-51722.3,-12123.6,8814.9,118939.1,-69908.3,31846.1,10193.7,25012.8,-109132.1,-120890.1,28528.1,-102204.8,-61674.9,-172318.4,-84833.3,-405797.7,87.5,45.7

24,45171.1,17934.4,25191.6,-27901.6,21317.3,73141.5,107692.4,26928.1,72169.3,5990.9,-8002.9,82453.1,1886.2,-582.8,-56898.6,-61796.8,12264.0,-16452.2,87.2,45.4

25,85638.6,32883.2,80488.8,-1082.2,35038.3,131155.4,209260.0,27749.3,86727.4,10538.1,-53179.3,307463.3,57706.6,-43103.4,122912.7,-104312.1,-63538.6,258974.2,87.5,45.2

26,2993.5,26501.6,102959.7,-1193.4,34770.7,-39413.2,233704.5,89343.4,108628.8,55934.3,1502.0,243980.4,158594.7,57421.8,151189.2,13683.9,43324.6,257996.7,87.2,45.2

27,73692.5,8046.6,38256.9,-1576.2,16703.9,76160.2,121125.9,111995.8,130544.8,59417.9,-13997.8,160749.8,287587.1,112530.9,244851.9,11363.3,94743.6,114210.5,87.0,45.2

28,227828.8,15258.8,142224.6,-7408.2,64522.7,109730.8,194373.4,136211.2,180657.7,110152.0,57415.2,257780.8,240341.8,18049.6,155360.2,-6985.7,43230.6,256862.9,87.0,45.4

29,110190.5,23468.3,83992.2,-44469.0,25989.0,113142.9,163479.7,92322.3,144191.6,15477.3,-21931.9,76022.4,205957.9,136897.3,92001.8,16403.2,113697.9,448277.3,87.0,45.7

30,123535.3,46025.4,-52985.9,-67938.7,42445.1,16073.4,70361.3,40182.8,69031.5,-3670.3,-35221.0,-46598.9,-18872.2,260502.8,-95980.7,73058.1,272229.0,237087.4,87.0,45.9

31,-20433.8,-34259.4,-943852.9,-197197.3,-42875.6,-25877.7,-89123.5,73403.8,53469.3,-7367.1,-2637.2,-206029.4,-257155.6,272546.9,-271965.4,110877.9,401357.8,-819324.2,86.7,46.1

32,19367.5,12723.6,-336617.9,-45274.4,23549.1,1466.3,-63089.5,20562.3,56127.7,-13817.7,-43449.1,-81102.1,-98167.5,218525.2,-123878.3,84136.6,302129.3,-637708.8,87.0,46.4

33,-44808.1,9029.4,-422206.2,-43310.1,12334.2,-15812.5,-25231.3,27526.8,59179.5,4282.3,-38484.7,24033.9,-15052.2,164755.2,-1766.9,89107.6,247556.6,-361090.3,87.0,46.9

34,48177.8,112761.4,797927.4,120551.1,147283.1,43841.2,24002.1,85071.7,12988.5,90285.1,-35617.1,54213.7,85594.9,194516.5,109979.8,88856.0,194503.2,-108303.0,86.7,47.4

