工件号： 424测试
检测时间： 2018/4/24 9:21:11
测量长度： 55 灵敏度： 3
0,1646.4,1188.1,-5025.3,-8834.7,3094.1,-361.6,347.0,3596.1,3106.1,3879.6,-12846.8,-8928.8,1062.3,-10791.1,-23600.8,-33723.0,16979.4,-32614.3,85.5,51.5

1,1919.3,3539.2,-380.1,-19333.1,2531.2,-306.0,4499.5,2810.7,7234.7,2645.1,-3514.0,-4895.5,1148.4,-7242.6,-18019.1,-38373.5,12285.2,-28046.0,85.5,51.5

2,483.5,2140.5,5225.3,-17591.3,908.6,2658.4,2153.7,4337.9,2631.9,6107.5,-11856.0,50169.9,1947.1,-3666.3,-42104.7,-46144.6,-49298.3,-22628.6,85.5,51.5

3,7408.2,1745.8,40788.1,-15898.5,86.1,-3315.3,2578.9,2466.3,133.8,3164.3,-13174.0,-320.5,3695.5,-3226.6,-20645.7,-48646.7,-43863.7,-8625.5,85.5,51.5

4,15853.5,900.7,-9916.9,135.1,-2797.4,40959.0,-2005.4,3274.3,974.9,3000.1,-12234.8,6585.7,937.8,-7906.2,-44402.8,-51250.7,-19054.9,-15571.4,85.5,51.5

5,1405.3,3847.8,653.0,-13164.7,132.5,52436.2,11277.2,7723.4,1671.6,8869.2,-8760.6,69161.3,-2437.2,-2082.2,3431.9,-45832.0,-51221.6,-25978.4,85.5,51.5

6,-1694.1,-1063.6,-11811.0,23569.0,-1982.8,-2018.6,-1917.9,947.1,5341.9,24577.0,11461.3,-6510.2,3597.5,6390.9,-11762.0,-27269.8,-6598.9,-5535.3,85.8,51.2

7,5845.2,-3673.0,-10454.7,50922.2,-4814.7,26807.5,-1070.2,-1931.2,66.2,12192.5,9648.0,-5855.8,3804.1,-5337.9,-28755.9,17015.1,10890.4,-11787.2,85.8,51.2

8,-369.5,2484.9,-7825.4,-13605.8,574.9,-1217.3,2556.4,524.5,59.6,3704.8,-10375.2,-8773.8,3557.7,-8004.2,-22836.5,-32823.6,17268.1,-22228.6,86.0,51.2

9,1164.3,3926.0,-12044.1,-18215.2,1528.5,-2272.9,-1504.7,3427.9,1490.1,3805.4,-13204.4,-9512.9,961.6,-13837.6,-3021.3,-33847.5,16842.9,3646.5,86.3,51.2

10,-838.4,3147.1,-11063.9,-19343.7,1517.9,27151.9,-3537.9,1278.2,-1903.4,2174.9,-15242.9,-10858.6,-1177.5,631.8,31944.1,13395.2,19897.4,30656.7,86.3,51.0

11,2592.1,8140.7,-11358.0,-12494.5,6298.2,6886.3,11950.1,4238.6,8613.5,5700.9,-12773.9,4495.5,-695.4,60534.5,33527.0,25835.3,14148.8,1064.9,86.3,51.0

12,1230.5,11613.6,-819.9,-11728.9,6940.6,37101.9,41918.0,490.1,79936.5,2820.0,5022.7,44912.8,49603.0,56468.1,31227.5,20146.4,1206.7,-79041.1,86.3,51.0

13,-782.8,11005.7,67497.6,-18775.5,3688.9,71771.9,57225.8,-747.0,73569.4,176.2,20073.5,-8404.3,65051.2,45718.1,27015.5,11993.8,-12850.8,-56137.0,86.3,50.7

14,13736.9,19754.3,65023.4,-10829.5,13122.3,71080.5,75341.6,7534.0,58734.4,6583.0,-11554.0,-5275.7,-50392.4,46984.4,17748.9,20768.9,-10012.3,-84911.5,86.3,50.7

15,6176.4,80445.1,-86471.8,45710.1,69027.5,494.1,17356.9,56419.1,44355.1,40974.9,1682.2,22849.8,-39863.6,-7510.2,16074.7,-58368.8,-60587.5,-232287.3,86.3,50.7

16,-44016.0,90932.9,43335.2,56997.9,64698.9,-40283.5,115822.4,76019.8,30101.7,34038.2,8209.5,69292.4,-81111.3,-7865.2,-91253.4,-26083.0,-119433.1,305105.6,86.3,50.5

17,47890.3,12196.4,-2078.2,30288.4,18836.4,68369.2,-15782.0,11544.8,37406.6,48193.7,36606.5,-34083.3,-111171.9,13543.5,-94974.0,-15378.0,-20158.3,323147.3,86.3,50.5

18,-59184.8,32006.4,-83941.9,-14200.5,38663.5,15972.7,-74840.9,47410.9,13689.2,55527.7,49383.1,-58615.2,-253249.6,111417.0,-85665.1,27704.2,98367.5,-413715.9,86.3,50.5

19,-80214.6,-4376.3,-29479.1,-67636.7,-65810.2,-90256.0,-193182.6,-76398.6,-158335.1,-73378.6,-86144.6,-173517.1,93260.1,77112.5,-61078.9,6030.7,28418.2,-74772.0,86.3,50.5

20,-62300.1,-68790.4,-110614.3,-47498.3,-58437.7,-5560.5,-115817.1,-31313.6,-53653.5,-33166.7,-35377.3,-45879.7,276831.8,-145638.0,-95142.3,-179914.6,-241367.0,4981.6,86.3,50.5

21,-37313.8,-48518.2,-135970.1,-58253.6,-73639.6,-59092.0,-58647.0,-59195.4,-74078.0,-79197.4,-62767.7,-59456.3,-34998.5,2121.9,-204058.5,-113166.7,22489.5,-144136.0,86.3,50.7

22,-79618.6,32230.2,-80476.9,16342.3,-1816.0,-21896.1,45005.5,-17469.5,37584.0,27775.8,-45805.5,14840.2,66953.2,3887.5,-92869.3,8148.6,82561.7,132673.3,86.3,50.7

23,71605.1,55073.4,30356.0,2176.2,60028.5,67276.4,32798.5,49124.8,16278.7,56791.3,32941.5,27023.4,25851.2,8704.9,-11707.7,-67214.2,-52321.0,-82802.8,86.0,50.5

24,157604.0,36111.1,91042.8,26553.2,40239.8,144427.4,61188.8,60772.9,4098.2,60235.1,49240.1,17804.6,51527.6,20662.9,94446.9,-8373.8,-40186.8,-12012.3,86.0,50.5

25,40928.5,70349.4,68150.6,42845.1,72250.1,40125.8,19260.2,65402.2,169.5,67218.1,47564.5,8596.3,46995.0,28404.9,34157.4,-6029.3,-122654.4,-50336.8,85.8,50.5

26,57358.2,3029.2,53415.0,20662.9,5141.9,54058.8,20592.7,16021.7,21161.0,32864.7,25612.8,32892.5,1536.5,29379.8,-30822.2,-23649.8,-88454.6,-282242.6,85.5,50.5

27,146937.4,68431.4,81747.1,41425.2,30636.8,137832.4,53517.0,11697.1,32442.1,10286.4,5786.9,-89029.5,91637.5,25660.5,-93254.8,-7624.1,-24537.2,7050.6,85.3,50.3

28,42952.4,25048.5,68742.7,28428.8,19322.5,17209.8,104581.0,15413.8,72035.5,11589.8,-4887.6,129393.7,12342.1,31869.9,549.7,1606.7,-68620.8,94572.7,85.3,50.0

29,71126.9,25912.1,90434.8,9787.1,26561.2,78553.6,159650.4,53954.1,138603.3,37323.1,14099.8,172085.2,93805.8,45071.7,129438.8,-4771.0,-129120.9,326558.0,85.0,49.5

30,115027.7,82975.0,200792.2,84846.6,96654.9,48571.2,166073.1,128232.1,16693.3,116463.5,32719.0,172686.6,134362.1,54461.4,122438.5,-43284.9,-120169.6,255511.9,85.3,49.3

31,56621.8,25182.3,61354.4,28499.0,43123.3,83095.5,155380.0,105475.1,124373.7,73544.2,66248.6,164185.6,368040.2,44418.7,291070.7,-29500.3,-97280.1,330303.8,85.3,48.8

32,98688.1,16995.3,113684.6,4058.4,31809.0,101835.2,242194.9,127339.4,155234.3,117498.0,99284.1,190602.4,212914.4,32879.2,108342.7,-38993.4,-94656.2,431635.7,85.3,48.6

33,87199.0,50871.9,-132547.5,-6951.2,24839.2,116197.3,97176.8,34113.7,121272.9,13992.5,16849.6,20354.3,105204.9,111091.1,-20902.7,40825.2,16648.2,268868.6,85.8,48.3

34,67616.8,29818.2,-214155.5,-16779.4,29713.6,22869.6,12491.8,34415.7,97991.4,17105.2,25734.6,-69787.8,-181761.1,106430.1,-168675.9,76451.6,104893.6,-343777.1,86.3,48.3

35,317.9,42924.6,75539.0,-38895.3,36063.5,50396.4,-26975.7,53882.6,23041.8,49384.4,45115.4,-202082.3,-242467.7,186375.8,-287214.9,90181.8,337278.9,-689718.5,86.3,48.6

36,45957.8,16272.1,-58380.8,93118.4,24178.3,68668.5,-75296.6,15342.2,70132.2,24275.0,8066.5,-42838.5,-20232.5,213886.6,-72977.3,62312.0,243801.6,-248711.7,86.3,48.8

37,20554.3,2875.6,-125597.6,92498.5,5519.4,56717.1,57281.4,-2114.0,69646.0,4949.8,-13029.6,25083.0,87204.2,83552.5,22606.1,-28465.9,10458.6,52923.6,86.3,49.3

38,30267.2,14808.4,131282.5,89210.9,13820.3,16469.4,37574.8,30117.6,19559.6,48650.6,1345.7,18539.7,155369.4,45518.1,106341.3,-16081.3,421.2,88167.2,86.3,49.8

39,25493.6,8212.2,145569.1,40071.5,28529.4,37492.6,17282.7,19134.4,9077.1,27491.0,1924.6,130135.5,107578.4,19225.8,47367.2,-21478.9,-65138.6,152349.5,86.3,50.3

40,5108.8,71005.0,91323.6,-62502.8,58077.4,71609.0,30762.6,-1964.3,3593.5,61553.1,15582.0,98293.4,86234.7,4507.4,55946.2,-3528.6,-195052.9,293425.7,86.0,50.7

