工件号： 424测试
检测时间： 2018/4/24 9:22:10
测量长度： 55 灵敏度： 3
0,-1068.9,6833.3,13699.8,10410.9,5141.9,-21010.0,22333.2,4175.0,912.6,5201.5,4755.1,60839.1,-4167.0,6689.0,43956.4,5247.9,-2861.0,58134.4,85.5,48.1

1,34.4,12824.3,10807.0,31157.3,13536.9,-29726.8,48324.8,10222.9,1973.6,11801.7,9014.9,61257.7,-5400.2,18686.7,12317.0,15685.3,12244.1,70826.2,85.8,47.8

2,3332.6,-1401.4,72523.0,49526.2,8728.8,-24912.1,4115.4,-4547.2,9157.9,6308.8,49899.7,-10637.4,-3144.5,20718.6,42846.5,62900.1,51977.9,10550.0,85.8,48.1

3,4132.6,-2397.4,1401.4,68223.5,21823.2,-35697.9,3359.1,11185.8,28884.4,32152.1,65755.8,-9575.2,-5777.7,67827.4,61824.6,68371.8,39528.5,13523.6,85.8,48.1

4,-948.4,-2498.1,31020.9,75799.9,-1959.0,-15299.9,-2013.3,-8153.9,13160.7,29828.8,62594.2,-12171.3,-7383.0,69287.1,61718.6,70609.0,46773.8,35055.5,85.8,47.8

5,2719.3,1572.2,21543.8,6422.7,748.4,20359.6,32521.6,-4400.1,28324.1,-1994.8,7172.4,50732.8,-3449.1,10238.8,62929.3,53660.1,59040.4,65549.2,85.8,47.8

6,-1080.8,4296.8,-3049.1,817.2,3625.3,-5553.8,53670.7,-5465.1,53764.7,-4588.2,27142.6,36491.3,-3924.6,68945.4,60207.3,75658.2,54600.5,60696.1,85.8,47.8

7,3551.1,9034.7,55815.1,15261.4,7244.0,9924.8,52913.0,-2078.2,48822.8,33.1,3124.6,60983.5,37520.5,58127.8,59147.7,71926.9,59835.1,44543.2,85.8,48.1

8,-1233.2,10532.8,64607.5,3312.7,6818.8,34307.1,73430.3,-4883.6,74892.6,-3062.4,27725.4,10705.0,30480.5,71301.7,61730.5,66777.1,45506.2,-9853.3,85.8,47.8

9,13560.7,47328.7,199753.7,24665.7,24955.8,40082.1,47071.8,39969.6,57601.9,25982.3,18439.0,-9404.3,-63742.5,3389.5,49210.9,6387.0,19502.6,-123873.0,85.8,47.8

10,-10816.3,91257.4,-36305.9,21689.5,41193.4,-42853.1,31985.2,111434.2,56997.9,37076.7,29210.3,-1665.0,-80940.5,21659.0,57073.4,29513.6,28905.6,1000.0,85.5,47.8

11,8904.9,75202.5,151997.2,52661.4,15748.9,-54929.0,93698.5,108528.1,29448.7,42174.9,59400.7,46204.2,4853.1,144379.7,27293.6,155541.6,122874.3,782635.5,85.8,47.8

12,18734.4,10087.8,20780.8,65559.8,36682.0,11665.3,-33948.2,4873.0,51332.8,29924.2,38936.4,-98374.2,-169636.2,56000.6,-6214.8,42038.5,74753.5,110415.6,85.8,47.8

13,-9985.8,14838.9,-217942.4,-14841.6,-32477.9,1578.9,-70760.0,-31103.0,-35013.1,-34621.0,-32313.7,-93286.6,-193760.1,17547.6,-81561.7,-16713.1,-35892.6,-290093.2,85.8,47.8

14,-110499.1,-77588.0,-136115.8,-43609.4,-53331.6,-139723.9,-182130.6,-31480.5,-151305.7,-26290.9,-19772.8,-128408.3,128797.7,-75860.8,-77577.4,-63526.6,-96217.8,42833.2,86.0,48.1

15,-28948.0,-72333.6,-274966.8,10346.0,-72544.2,-86330.0,-74076.7,-54619.1,-104526.7,-30828.8,-47195.0,-109989.1,-10767.2,-120275.6,-230593.2,-149700.4,-101035.2,-165293.0,86.0,48.1

16,-22456.4,38694.0,-47600.3,65080.3,29926.8,-14868.0,-67210.2,-63110.7,1561.6,-69774.5,-36496.6,-44977.7,-60810.0,-105117.4,-105751.9,-101485.5,-85597.6,-139632.5,86.0,48.3

17,1906.0,59236.4,-90807.0,19668.2,47583.1,-19574.2,-13987.2,-71881.9,28019.5,-45547.2,-62913.4,-10596.4,-11364.6,-59727.8,22474.9,-68299.0,3511.4,-108650.0,86.0,48.1

18,77072.8,52294.5,29710.9,45412.1,41821.3,87119.5,-43451.8,-16943.6,13397.8,-19590.1,-50205.7,-150961.4,-34142.9,-58766.2,-166297.0,-65522.7,-71889.8,-367630.9,86.0,48.3

19,60670.9,64059.1,110095.1,70744.1,31224.9,51090.5,144420.7,25721.4,107047.3,33111.0,44095.5,154459.5,-45908.8,-49710.3,90244.1,-52546.1,-112969.4,23594.2,86.0,48.1

20,82706.1,77543.0,287637.5,58338.4,65121.4,-28460.6,197405.3,33096.5,59337.1,35674.0,19845.7,270826.3,152532.3,-40569.6,225159.9,34598.5,-147620.8,238855.7,85.8,48.1

21,160318.0,703.3,206441.4,-29695.0,11352.7,131542.2,275890.0,60739.8,179706.7,32962.7,45641.3,324732.7,408385.9,-49245.4,328506.4,51711.7,-92668.0,540436.7,85.8,48.1

22,118109.9,35446.2,-907.3,-6104.8,46912.8,90428.2,159262.3,46675.7,142943.9,40972.2,50034.8,88836.1,222374.3,51657.4,103828.6,79935.1,7285.0,539538.6,85.5,48.1

23,-7993.6,-44492.9,-638942.0,-129474.5,-21959.7,-28174.5,23878.9,21098.7,117631.8,21059.0,38491.4,-151297.8,-248568.6,156547.0,-260841.9,134037.6,209448.1,-516843.8,85.3,47.8

24,-17041.6,29888.4,194750.9,-71455.4,8448.0,8315.5,-142950.5,4233.3,21006.0,59072.2,28232.7,-150622.3,-351851.5,226989.1,-154169.4,121372.3,250780.6,-543911.0,85.0,47.6

25,31142.8,-6653.2,271564.1,-49017.5,10515.6,-27022.1,-140969.0,6455.8,-1241.1,19976.8,17523.8,-187763.9,-266507.0,175309.2,-233680.7,129763.3,287662.6,-307427.5,84.6,47.4

26,-28978.5,-69961.3,-996927.5,-18800.6,-10926.2,-93200.5,-34021.0,19816.6,23219.3,34501.8,23245.8,-57586.0,-3818.7,100727.9,-89897.1,45567.1,95681.4,33644.8,84.3,47.4

