工件号： 425测试
检测时间： 2018/4/25 9:25:11
测量长度： 55 灵敏度： 3
0,5711.4,13205.7,-54809.8,14779.3,11175.2,26889.6,9102.3,7298.3,66277.7,6014.8,1960.3,4620.0,14470.7,-5846.6,-24622.0,-48399.0,-30926.9,58786.1,88.7,38.4
1,36358.8,13068.0,-60078.8,13229.6,9987.1,30965.3,7459.9,6979.0,68235.4,6551.2,2283.5,-2275.6,9775.2,-6914.1,-32125.6,-47030.7,-40215.9,9379.1,88.4,38.7
2,55784.7,2728.6,-748.4,691.4,1071.6,44847.9,-1080.8,1853.0,20300.0,2120.6,-1088.8,23245.8,-2593.5,-9744.7,19221.8,-23400.8,-28508.2,9412.2,88.7,38.7
3,-3316.7,-3037.2,-51543.5,-4278.3,-3287.5,-17869.5,29810.3,-2678.2,-2125.9,-2843.8,-3994.8,61680.2,-3451.8,-11122.2,42949.8,-25362.4,-24939.9,60863.0,88.7,38.7
4,-9732.8,-4814.7,-59547.7,10678.5,985.5,-29320.2,23798.1,-1879.5,4051.8,-1878.2,-2990.8,51531.5,-7829.4,-12045.4,45167.1,-50233.5,-60821.9,53832.3,88.7,38.4
5,-2453.1,-2695.5,-47161.8,-3814.7,-1724.6,-21794.1,70639.5,-5357.8,3206.7,-3951.1,10648.0,67121.5,-2802.7,-8530.1,-10947.4,-47781.7,-43948.5,29496.4,88.7,38.2
6,27902.9,-4098.2,-25416.7,-3202.8,-2363.0,15115.7,67823.5,-6061.1,46138.0,-506.0,34844.9,71223.6,-2421.3,-10150.0,-5571.0,-25187.6,-968.2,4702.1,88.7,38.2
7,14864.1,39217.2,-23557.1,37777.4,46271.8,26506.8,67149.3,-6530.0,50930.2,8167.2,55360.8,69104.3,-3073.0,26655.2,-34174.7,25166.4,-2053.0,55389.9,88.7,37.7
8,31087.1,61110.7,-15880.0,57392.7,64530.6,25716.1,58506.6,33839.5,47871.8,60831.2,65961.2,64611.4,-2506.0,42939.2,-35323.0,25718.7,-10248.0,76312.5,88.7,37.7
9,-92065.3,-63113.4,-96184.7,-29994.4,-55511.8,-93764.7,-41851.7,37268.8,-32701.8,-18811.2,34846.2,-59155.6,60531.8,51381.9,30201.0,10877.2,-12783.2,31643.4,88.7,37.7
10,-66843.3,-38365.5,-94097.2,-36103.2,-40781.5,-109651.4,-34911.1,-75766.8,-61721.3,-76177.4,-68834.1,-85531.3,40104.7,34427.6,-107134.7,-52620.3,-54760.8,-63673.7,88.4,37.7
11,19598.0,-82820.0,1854.4,-81565.6,-77818.5,-90901.1,-75491.3,-67521.5,-22192.8,-65529.4,-60470.9,-67631.4,28957.3,28227.4,-102505.4,-11354.0,-31701.7,-42617.3,88.2,37.7
12,-87908.9,-78441.0,-90660.0,-77411.9,-74085.9,-104513.4,-67451.3,-72059.4,-26559.8,-69073.8,-65536.0,-63661.7,45380.3,-67197.0,-32662.0,-103248.5,-130650.7,-47825.4,87.9,37.7
13,-32503.1,25610.1,-144467.1,22598.1,27587.7,-29293.7,44020.0,35029.0,4311.4,-46910.2,32463.3,53241.5,5685.0,42123.3,14175.3,11734.2,-13698.5,42385.5,87.9,37.7
14,37509.9,37068.8,-134065.4,627.8,44515.4,23051.1,46710.2,54477.3,59862.9,58327.8,64816.7,62040.5,40337.8,51171.3,38879.4,17644.3,-13138.2,127135.4,87.9,37.7
15,17896.0,43454.4,-20531.8,82312.7,28024.8,18545.0,33712.4,7776.4,120801.4,12195.1,5679.7,10171.2,64305.5,17094.6,8241.3,-23277.6,-2186.8,27455.2,87.9,37.7
16,137519.8,42992.2,45743.3,65487.0,42763.0,105169.1,30826.2,31966.6,103049.8,42027.9,41092.8,2724.6,-81457.0,22498.8,-80402.7,4352.5,-86493.0,-69503.0,88.2,37.7
17,187228.8,7251.9,235219.8,12580.6,8642.7,113051.5,7855.9,67751.9,107020.8,52740.8,69015.6,38676.8,-177167.5,26663.1,-175768.8,-657.0,-129756.7,-145191.6,88.2,37.7
18,203420.1,34013.1,230615.7,85739.3,23355.8,165220.1,13081.2,13408.4,103386.2,9177.8,16542.3,56656.2,-44904.8,33013.0,-85254.5,1268.9,-24492.2,-39429.1,88.7,37.7
19,197666.2,30843.4,137684.1,37809.2,14672.0,117128.4,34904.5,33940.2,117116.5,31913.7,44128.6,-37050.2,56888.0,46526.1,-129644.1,1586.8,-15290.6,8636.1,88.9,37.4
20,12271.9,-53804.5,-145627.4,15424.4,40872.9,48610.9,48777.8,54980.7,3965.7,62378.3,56986.0,-74259.4,191688.5,63371.7,-16718.4,18269.5,-12654.7,100967.6,88.9,37.4
21,-186995.7,55673.4,-221578.3,65687.0,60064.3,-83752.5,39680.8,55192.6,-57669.5,63867.0,56233.7,59661.6,224733.4,-7785.7,200574.9,28129.4,-64795.6,85417.4,88.9,37.2
22,-192470.0,43400.1,-187250.0,51975.3,50074.5,-112827.6,58599.3,45628.0,-33222.3,54187.2,47638.7,98113.2,122332.6,37295.3,227359.9,13364.7,-16697.2,26918.8,89.2,37.0
23,-78578.8,48204.3,-113205.1,51962.0,56265.5,-67220.8,49960.6,42988.2,-47716.8,46087.6,50362.0,120185.5,42490.2,44286.3,116980.1,11278.5,-26498.9,2658.4,89.2,37.0
24,23616.7,12215.0,-73879.3,7148.6,13889.2,15645.6,22792.8,13584.6,40870.2,12118.3,11049.4,144574.4,37634.4,16947.6,95011.1,-16035.0,-48894.4,121180.2,89.2,36.7
25,60392.8,136749.0,11369.9,138228.5,132946.2,-13962.1,116361.5,130119.6,91007.0,113625.0,105971.8,120884.8,3646.5,37662.2,-2876.9,2257.0,-46960.5,132507.8,89.2,36.7
26,33476.6,42515.3,-45971.1,24007.4,46585.7,13087.9,25404.8,48502.3,23935.9,49804.3,48396.3,-7140.6,26008.8,-64545.2,-104230.0,-14758.1,-104530.7,47287.7,89.2,36.7
27,37431.7,2809.4,-40161.6,-7769.8,1099.4,25934.6,54172.7,7294.3,46155.2,3568.3,3412.0,-13566.0,-46196.3,-44388.2,-82855.8,-78172.2,-126343.3,124099.5,88.9,36.7
28,8597.6,-4801.5,-12274.6,-12767.3,-3821.3,-3588.2,21768.9,-12262.7,28962.6,-4994.9,-12403.1,4955.1,3037.2,-6934.0,-60510.6,-34819.7,-71903.1,63010.1,88.9,36.7
29,23488.2,-28710.9,84737.9,-35872.7,-25844.6,23342.5,46991.0,-17584.7,39582.8,-10377.8,-18534.4,-8999.0,26030.0,-28921.5,-36827.7,-59236.4,-86434.7,-1180.2,88.9,37.0
30,-2519.3,-23255.1,-13642.8,-16257.5,459.6,-31378.5,-34092.5,-12795.1,-5156.5,-6714.1,-16193.9,-24790.2,91294.5,-22256.4,-13664.0,-65142.6,-105815.5,16742.3,88.9,37.2
31,20209.9,-21362.3,-60949.1,-7747.3,-4544.5,-12767.3,3763.0,-12303.7,-10061.3,-7830.7,-12283.9,12020.3,63770.4,-16412.5,-71703.1,-55007.1,-110750.7,7291.6,88.9,37.7
32,27628.7,32219.6,-10022.9,34001.1,28581.1,39070.2,43563.1,17813.8,19084.1,19031.1,32724.3,60668.3,37969.5,17633.7,9286.4,-7296.9,-22123.9,2912.7,88.9,37.9
33,21371.6,38116.5,-21922.6,62166.3,36127.0,-18053.6,17280.0,40801.4,47748.6,16999.2,15188.6,11942.1,132054.8,28925.5,39374.8,-29977.2,-55042.9,321.9,89.2,38.2
34,113063.4,124527.4,-62618.0,126514.2,96408.5,-6037.3,131703.8,124393.6,131028.2,94933.0,54559.4,117152.3,93852.2,115284.7,117239.7,32003.7,43461.1,17971.5,89.4,38.7
35,124580.3,82682.2,-52670.6,63233.9,53895.8,38096.6,138447.0,77376.1,136445.6,69034.1,56154.2,124669.1,145631.4,59015.2,108873.9,-17827.1,-46355.2,106273.8,89.4,38.9
36,129001.7,120434.5,29435.4,117329.8,86234.7,105154.5,136094.6,125605.5,146027.4,89539.4,54547.5,80506.0,62541.2,74799.9,24109.4,1732.5,-27679.1,121653.1,89.4,39.1
37,108961.3,103294.9,62697.5,101433.9,92338.2,92613.7,99963.6,84389.6,144394.2,90229.5,80496.7,51377.9,15098.5,37260.9,6438.6,-7985.7,-39364.2,76973.4,89.4,39.4
38,72786.5,88939.4,69181.1,74470.0,72885.9,62408.7,22396.8,94397.9,133607.1,87016.2,67275.1,10512.9,-3161.7,72354.7,-12970.0,25906.8,11588.5,3020.0,89.4,39.6
39,20808.6,140482.9,4814.7,132815.1,135076.1,27297.6,23296.1,133709.1,129531.5,128738.1,125613.5,14929.0,3678.3,130285.2,-22329.2,78347.0,68318.8,35323.0,89.4,39.9
40,-2469.0,112495.2,-61599.4,64130.6,63963.7,-9061.2,1102.0,48301.0,18445.7,31477.9,22285.5,9192.4,11755.4,103084.3,1928.5,-16424.4,37295.3,48221.5,89.4,40.1
41,-1674.2,14033.6,-71899.1,12493.1,15334.3,-16692.0,31628.9,5822.7,12211.0,3178.9,4010.7,27733.4,17470.8,6907.5,34724.3,-40647.7,-39758.9,7428.1,89.4,40.1
42,55253.5,9987.1,-134891.9,14434.9,9924.8,-10486.4,62130.6,25141.2,47648.0,31295.1,34768.1,57102.6,17158.2,31991.8,-18233.7,-5445.2,-15420.4,-6702.2,89.4,40.1
43,46106.2,63970.4,-83853.1,48191.0,68861.9,40650.4,60176.9,59184.8,62240.5,62490.8,62986.2,45772.4,44907.5,41377.5,38903.3,8454.6,-80925.9,-12440.2,89.6,40.3
44,51315.6,69550.7,-22044.4,36006.5,38809.2,46367.1,15829.7,62931.9,14890.6,71096.4,70318.9,123646.5,120468.9,56587.3,172576.6,20057.6,-24020.7,1842.4,89.6,40.6
45,49716.9,59672.2,-88199.0,71166.6,68349.3,40855.7,128559.3,50434.8,8500.9,68546.7,70307.0,118630.5,125342.0,48702.3,163368.4,14869.4,-52918.3,-21863.0,89.6,40.6
46,-13877.3,21603.4,-20217.9,38592.0,34120.3,22689.5,42156.4,-298.0,10742.1,-1329.8,9041.4,42337.8,68219.5,38544.3,21586.2,-5459.8,-30387.8,-59081.5,89.6,40.6
47,-16139.6,945.7,-5340.6,8002.9,3235.9,-6997.6,22734.5,4165.7,1541.8,4283.6,1891.5,-72370.6,37854.2,22991.5,-124177.7,-19623.2,-8356.6,11307.7,89.9,40.8
48,-15117.1,2377.6,-3932.6,10037.4,6209.5,-24362.4,67197.0,6037.3,3561.7,6222.7,2915.3,-35006.5,-67529.4,19645.7,-155629.1,-17752.9,-25031.3,121012.0,89.9,40.6
49,-245.0,5888.9,-21108.0,2009.3,7106.2,-14556.8,49751.3,11135.5,13211.0,6483.7,5443.9,-43125.9,-44990.9,37262.2,-141704.1,-33891.2,-11385.8,135579.4,89.6,40.6
50,11588.5,24530.6,-11041.4,20519.9,13510.4,-10281.1,55129.0,18258.9,16680.0,10791.1,7392.3,-6151.2,52830.9,7588.3,-80805.4,-36173.4,-57832.4,188175.8,89.6,40.6
51,13943.5,2512.7,89016.2,29048.7,1785.5,-15582.0,71516.3,3020.0,16038.9,64.9,-510.0,54511.8,21942.5,-4690.2,8454.6,-44490.2,-66177.1,113760.1,89.9,40.6
52,5008.1,29362.6,-30308.3,15396.5,19543.7,-18274.8,6225.4,-2151.1,15533.0,17987.4,23612.7,36662.2,55895.9,24701.5,5344.6,-8134.0,-61796.8,53857.4,89.9,40.6
53,2872.9,9816.2,-47144.6,17454.9,10671.9,-21576.9,21041.8,16541.0,13833.6,17004.5,11270.6,63077.6,58566.2,12860.0,2474.3,-36933.7,-38435.7,37230.4,89.9,40.8
54,8625.5,-1234.5,-49459.9,52539.5,19655.0,32934.9,19133.1,4605.5,21525.2,3641.2,1262.3,123802.8,25418.1,17850.9,99178.2,-35837.0,-41390.8,21387.5,89.9,40.8
55,-16498.6,14009.7,-66691.0,23157.1,11106.3,34401.2,14213.7,7634.7,7491.6,6413.5,4845.2,79492.7,20330.5,12960.7,97750.3,-34826.3,-49469.2,28483.1,89.9,40.8
56,43341.9,59359.6,-55260.1,51287.8,59247.0,26269.8,34941.6,-2980.2,70567.9,9455.9,986.8,11271.9,64338.6,13597.8,27375.8,-43083.6,-42663.7,-1912.6,89.9,41.1
57,-11240.1,7547.3,-14547.5,22976.9,6938.0,-30728.2,65027.3,12038.8,16456.2,9616.2,8759.2,3857.1,18415.2,2927.3,-12090.5,-35035.6,-53929.0,12274.6,89.9,41.1
58,6385.6,-1174.9,15776.7,42798.8,2882.2,-24049.8,47950.0,4202.8,4539.2,5022.7,4045.2,-5849.2,25528.0,18783.4,-21326.5,-38262.2,-37962.9,138016.6,89.9,41.3
59,39339.1,4216.0,-2226.6,18245.6,15518.4,-17991.3,6071.7,10108.9,19021.8,9271.8,8438.7,1478.2,23166.3,10012.3,-10466.6,-35402.5,-50024.2,48114.2,89.9,41.6
60,11075.9,13918.3,-32083.2,59008.6,18918.5,-15046.9,26155.8,56187.3,60294.7,20358.3,19007.3,10807.0,-188.1,6744.6,-11679.9,-32038.2,-59508.0,8127.4,89.9,41.8
61,994.7,95546.3,-31599.7,88038.7,64116.1,-15134.3,42657.1,101415.3,49948.7,70560.0,28296.3,18909.2,16105.2,101101.4,-14472.0,2401.4,27336.0,33085.9,89.9,41.8
62,36238.3,1316.6,-125580.4,31517.6,37647.6,26138.6,84834.6,12428.2,13766.0,14131.6,11677.2,16391.3,11022.9,28884.4,37584.0,-36214.5,-35022.4,35397.2,89.9,42.0
63,29366.5,33451.5,-87029.4,59831.1,46489.0,14307.8,17790.0,8086.4,51588.5,6152.5,6767.1,2882.2,2984.2,13352.8,31132.2,-33438.2,-31546.8,17341.0,89.9,42.3
64,3494.2,7649.3,-55686.6,40837.1,7674.4,-4144.5,5164.4,16556.8,53554.1,12626.9,13960.7,969.6,56907.9,43780.3,18031.1,-30133.5,-54887.9,19873.5,89.9,42.5
65,-62316.0,22203.4,-91246.8,48691.7,3808.1,-74096.5,33970.7,7743.3,48963.2,4594.9,7516.8,15480.0,-20174.2,31814.3,-5237.3,-35233.0,-10502.3,-9544.7,89.9,42.8
66,-12754.1,72409.1,18272.1,60353.0,62892.2,12898.4,61873.6,16506.5,55914.5,12068.0,11318.3,8228.1,61206.0,100210.0,2748.4,-23089.5,31371.9,70141.4,89.9,43.0
67,88485.1,142158.4,-93327.6,146847.3,137878.8,21751.7,55780.7,43114.0,26822.1,25251.2,19387.4,-1320.6,149285.8,35368.1,-815.9,-24620.7,-39282.1,199821.3,89.9,43.2
68,82051.8,148820.9,-92193.8,143628.7,142469.7,113168.0,43782.9,124127.3,43932.6,112613.0,27092.3,25472.4,135984.7,17028.4,-20239.1,-28861.9,-33267.3,190467.3,89.9,43.5
69,87514.2,148409.0,44225.3,143456.5,141098.8,115128.4,1459.7,122780.3,84361.8,89030.8,25065.7,-6269.1,92344.8,15281.3,-24149.2,-25913.5,-55854.9,105994.3,90.1,43.7
70,112417.0,121842.5,197566.9,121659.7,148573.2,122769.7,38351.0,125820.1,129399.0,117870.2,58505.3,13975.3,18771.5,40227.8,-23714.7,-28885.7,-20215.2,-43699.5,90.1,44.0
71,105844.6,148499.0,124004.2,111762.7,136880.1,59558.3,27072.4,128155.3,92187.2,130034.8,43706.1,12144.8,8522.1,37091.3,-21263.0,-31631.5,-40535.1,-163861.1,90.1,44.0
72,8722.1,143889.6,121039.8,92821.7,133976.7,-13873.3,19485.4,125740.6,22316.0,120867.6,35721.7,11191.1,5073.0,38611.9,-22456.4,-26359.8,-48163.2,-124857.2,89.9,44.2
73,-19266.9,130616.3,24595.5,21645.8,127226.8,-25377.0,64757.1,119679.5,25185.0,46944.6,27173.1,21570.3,16432.3,87530.1,-20441.7,7062.5,9764.6,-952.3,89.9,44.2
74,52559.4,142647.2,25196.9,146861.9,139445.7,-9662.6,122576.3,130220.3,50212.3,128062.6,96446.9,101655.1,123249.2,128834.8,31118.9,79698.0,59481.5,159282.2,89.6,44.2
75,53076.0,130671.9,3163.0,68250.0,94228.3,43066.3,47592.3,129359.3,14956.8,104534.6,70957.3,72007.7,151419.6,52229.6,85683.7,-7610.9,-22219.3,177913.3,89.6,44.2
76,28481.8,127699.6,12127.6,83177.6,97558.2,39646.4,2772.3,127172.5,20709.3,104432.6,65035.3,9804.3,96404.6,17964.8,47942.0,-1302.0,-44294.2,182004.8,89.4,44.2
77,-82322.0,107361.2,-39715.2,89396.4,103439.2,35772.1,38535.1,139195.4,12079.9,134979.4,132008.4,5900.9,54540.9,22126.6,-18657.6,14376.6,-46067.8,109304.3,89.4,44.2
78,-53974.0,9727.5,-198151.0,39932.5,7989.7,-48315.5,62313.3,124055.8,71500.4,70452.7,30422.2,26063.1,44867.7,9218.9,15037.6,-27226.1,-60807.3,-135582.0,89.4,44.2
79,-49556.6,1703.4,188191.7,44300.8,23538.5,27728.1,56348.9,5127.3,62245.8,16755.5,29695.0,57930.4,48759.3,37545.6,27088.3,-4267.7,-14510.4,-123968.4,89.2,44.2
80,16344.9,-10245.4,399573.7,72746.8,70616.9,1080.8,60955.7,62636.5,63281.6,64457.8,59918.6,51249.4,60086.8,50085.1,26322.7,17199.3,-3989.5,-53711.7,89.2,44.2
81,8564.5,60880.2,204455.9,67223.4,62680.2,-22590.2,69812.9,56076.1,69761.3,58155.6,53780.6,52562.0,63033.9,-3920.7,27427.4,16601.9,976.2,-38721.8,89.2,44.2
82,14167.4,65245.9,100631.2,67591.7,61374.2,-21749.1,70101.7,52832.2,70362.6,56323.7,51891.8,51433.5,68496.3,64983.6,28999.6,14570.0,-6226.7,30671.2,89.2,44.2
83,9127.5,63546.5,-128497.0,65822.1,58657.6,-25757.2,73050.1,55955.5,73574.7,58900.0,55192.6,56236.3,53830.9,59500.0,32884.5,16015.1,-9163.2,1612.0,89.2,44.5
