工件号： 623测试
检测时间： 2018/6/23 12:08:30
测量长度： 100 
0,-5386.9,-7781.7,24811.4,-10865.3,-3629.3,706.0,3401.4,-9956.6,28407.6,-14289.2,-7124.7,-38042.3,-16986.0,-7375.1,3352.4,26310.8,27879.1,-50846.7,80.5,37.4
1,12119.6,-11148.7,21355.7,10107.6,-5804.2,5119.4,5022.7,1253.0,47702.3,16786.0,21535.8,-58721.2,-15417.7,-10869.2,-5610.8,71299.1,19608.6,-58771.5,80.5,37.4
2,55268.1,11507.7,15740.9,46474.4,-2593.5,14940.9,4936.6,37045.0,43368.3,50401.7,62553.1,-52505.1,-12935.5,10348.7,-25132.0,72346.8,6341.9,-56703.9,80.7,37.4
3,67623.5,47697.0,10061.3,51441.5,37015.8,10131.5,279.5,51375.2,39879.5,38830.4,58563.6,-42706.1,-10316.9,41360.3,-50664.0,63142.5,-50187.1,-53864.1,80.9,37.2
4,65431.3,55984.7,5698.2,38319.2,69243.4,710.0,-33708.4,41601.4,39944.4,-18926.5,49694.4,-33062.0,-8103.6,42266.3,-60174.2,52698.5,-103202.1,-51029.5,80.9,37.0
5,64824.7,52670.6,5103.5,34532.3,67203.6,1445.1,-69008.9,39508.6,41659.7,-50316.9,47446.6,-27940.0,-7981.7,31742.8,-64673.7,47240.0,-108246.0,-53473.3,80.9,37.0
6,66420.8,57146.3,9568.5,41257.0,70140.1,16646.9,-48993.7,46596.3,44404.1,7287.7,53302.5,-33695.2,-9093.0,35790.6,-64361.1,53240.2,-98832.5,-44435.9,81.2,37.0
7,65471.1,63085.6,13964.7,51571.3,73278.0,54815.1,-14405.8,54813.8,45690.3,40777.5,59119.9,-48075.8,-11624.2,45658.5,-70452.7,64290.9,-39555.0,-4540.5,81.2,36.7
8,64991.6,60792.8,15064.1,56048.2,73711.1,78030.4,-39483.4,51581.9,11336.8,50980.5,64733.3,-56824.4,-11429.5,50025.5,-75577.4,68757.3,10458.6,15329.0,81.2,36.7
9,54118.4,58833.8,-15841.6,51918.3,71989.2,63533.3,-69230.1,52959.4,-23472.3,50097.0,63312.1,-52446.8,-9112.9,33126.9,-74878.0,61543.8,-41145.8,16726.4,81.4,37.0
10,26721.4,58441.7,-44392.2,40165.6,68150.6,19833.8,-58053.6,56314.5,-23044.5,38509.9,56368.8,-28097.6,-6006.8,-28132.1,-71152.1,48389.7,-97454.9,11687.8,81.4,37.0
11,22452.4,39319.2,-41748.4,38258.2,50135.5,5084.9,-49938.1,37050.2,-20848.4,37140.3,42919.3,12654.7,-4884.9,-6469.1,-61549.1,56456.2,-37898.0,-27990.3,81.4,37.0
12,51836.2,11315.6,-6045.2,25830.0,19707.9,19342.4,-48642.7,8240.0,-19005.9,34927.0,16593.9,-5699.5,-12942.2,28186.4,-55317.1,36973.4,6032.0,-96640.3,81.4,37.0
13,62109.4,3450.4,16115.8,6840.0,10101.0,53563.4,-50287.8,5960.5,-18824.5,13750.1,6503.5,-34778.7,276.8,8057.2,-52505.1,14319.7,-9547.3,-134305.2,81.7,37.0
14,46889.0,12481.2,-64643.2,55815.1,17045.6,64204.8,-55237.6,16566.1,-24477.6,7471.8,17334.4,-44585.6,36462.2,36964.2,-53931.6,46459.8,33085.9,-107826.1,81.4,37.2
15,19602.0,18061.5,-124445.2,103615.4,31344.1,58485.4,-58458.9,26639.3,-24043.2,15254.8,21428.5,-53938.2,51997.8,45202.8,-59845.7,47237.3,78859.6,-83723.3,81.4,37.2
16,-11328.9,21570.3,-79813.3,121026.6,33484.6,44608.1,-58182.1,34046.2,17848.3,17289.3,21126.5,-57591.3,49437.4,7942.0,-66264.5,23210.1,39802.7,-87531.4,81.4,37.2
17,-25979.7,50697.1,80357.7,7840.0,12505.1,-60220.6,-25720.1,57616.5,17517.1,45968.4,18587.4,-17839.0,44111.4,7785.7,-54274.7,20984.8,8702.3,-96078.7,81.4,37.2
18,-67018.1,15379.3,55192.6,19592.7,5589.6,-33954.8,-8195.0,22811.4,6079.7,28573.1,28888.4,-24036.6,2528.6,61105.4,-48963.2,57976.8,34772.0,-143170.4,81.2,37.4
19,-73856.8,25377.0,-70003.7,16531.7,6323.4,24390.2,-15820.4,36427.7,23561.1,52062.7,60398.1,-33993.2,-15497.2,119072.9,-67997.0,92845.5,68721.5,-166115.5,81.2,37.4
20,-74638.3,16709.2,-107428.8,-4545.8,6951.2,53604.4,-22200.7,24007.4,40700.7,40160.3,40025.2,-43259.7,41205.4,104770.4,-70697.7,73422.3,48433.4,-133748.9,81.2,37.7
21,-65416.8,9630.8,-44597.5,-1223.9,6388.3,55627.0,-5719.4,11577.9,41924.6,13261.4,18134.4,-45469.1,25530.7,88836.1,-68346.7,63671.0,45491.6,-65659.2,81.2,37.7
22,-47759.2,9083.7,-3410.7,3805.4,6634.7,56156.9,3359.1,9667.9,41229.2,11601.7,14833.6,-27138.7,15833.6,61670.9,-64672.4,37084.7,5598.9,-25681.7,81.2,37.7
23,5898.2,3993.5,-2082.2,1944.4,3141.8,55771.4,-811.9,3682.2,39068.9,5764.4,8274.4,7379.1,79022.5,35282.0,-60102.7,21482.8,-9416.2,5130.0,81.2,37.9
24,38927.1,622.5,5412.1,1582.8,560.3,56502.6,-5251.8,-1796.1,37641.0,292.7,3318.0,16657.5,125851.9,15540.9,-56611.2,17611.2,-11895.8,68761.2,81.4,37.9
25,44842.6,-1967.0,18023.1,360.3,-1332.5,59037.7,-7303.6,-5271.7,36735.0,-4408.1,-710.0,16244.3,129592.4,12011.0,-55518.4,13057.4,-13462.7,61376.9,81.4,38.2
26,47131.4,-3319.3,24121.3,-1645.1,-2760.4,60644.4,-8242.7,-8433.4,35512.4,-7718.1,-3941.9,16534.3,121944.5,5675.7,-58349.0,7748.6,-14371.3,5825.4,81.4,38.2
27,44486.3,-5088.9,17061.5,-4730.0,-4178.9,61014.0,-10846.7,-12385.8,34093.9,-11383.2,-6777.7,6842.6,100493.4,-504.7,-61990.2,792.1,-16167.4,-29525.5,81.7,38.2
28,42035.8,-7522.1,7085.0,-7818.8,-6098.2,61402.1,-11034.8,-14336.9,34989.3,-13539.5,-8050.6,-23086.9,46303.5,-6042.6,-64333.3,16760.8,-20639.1,-89785.8,81.9,38.2
29,48735.4,-9830.8,14196.5,-9491.7,-6855.9,65663.1,-7160.5,-14706.5,37660.9,-14359.4,1451.7,-48771.2,964.3,1490.1,-67197.0,58402.0,-14740.9,-133579.3,81.7,38.2
30,59178.1,-2759.0,25767.8,-3167.0,22947.8,73036.9,-3945.8,20259.0,41022.6,13979.3,45997.6,-57319.8,-3699.5,34750.8,-65143.9,68085.7,16991.3,-133548.9,81.9,38.2
31,66941.3,15478.7,23463.0,35629.0,62916.0,48213.5,-13970.0,64738.6,31515.0,51829.6,67297.6,-59767.6,4568.4,51479.9,-60743.8,60880.2,29805.0,-86753.9,81.9,38.2
32,68076.5,50716.9,2883.5,60836.5,72120.3,10444.1,-44144.5,34011.7,786.8,56363.5,64685.6,-54641.6,65396.9,39600.0,-56783.4,52089.2,9037.4,-5132.6,82.1,38.2
33,63127.9,62378.3,-52506.4,59721.2,68167.8,1743.1,-54269.4,-4821.4,-10742.1,58349.0,65318.7,-45767.1,127316.9,31934.8,-52521.0,49258.6,-35275.4,93289.2,82.1,38.2
34,58485.4,57809.9,-86450.6,53348.8,64306.8,8230.7,-37186.7,-13605.8,28472.5,48222.8,66076.4,-40737.8,110803.7,30158.6,-53955.5,51070.6,-72362.7,147954.6,82.4,38.2
35,62746.5,57229.7,-96190.0,52279.9,63955.8,17901.3,-33390.5,-12955.4,81963.0,43200.1,66236.7,-43196.2,43706.1,32356.1,-59998.0,53723.7,-66432.7,141093.5,82.4,38.2
36,33058.1,58668.2,-85519.4,52959.4,65487.0,24656.5,-42065.0,-13489.2,71631.5,59070.9,65883.0,-51102.4,19978.2,35429.0,-29573.2,56040.3,-33589.2,84110.1,82.4,38.2
37,36039.6,61048.4,-35803.8,56339.6,68793.0,61073.6,-48226.8,-13400.4,64501.5,48589.7,65971.7,-57755.6,45495.6,40185.5,-635.8,59176.8,10860.0,70032.8,82.4,37.9
38,106506.9,61819.3,-21531.8,56895.9,69754.7,116349.6,-48278.4,-12024.2,98180.8,27803.6,65403.5,-60645.7,40914.0,43800.1,-5849.2,58937.1,23404.8,91615.0,82.4,37.9
39,120241.1,38539.0,18617.8,59881.5,45971.1,140269.6,-44825.3,-9106.3,111864.7,-1461.0,67402.3,-59146.4,12245.4,44507.5,-10179.1,54959.5,28695.0,27289.7,82.4,37.9
40,171620.3,1839.8,69879.2,59758.3,4752.5,120547.1,-41576.2,-5960.5,123959.1,-13584.6,71115.0,-58346.3,-44042.5,43571.0,-16717.1,51350.1,30036.8,-46878.4,82.4,37.9
41,230076.6,-10746.1,93660.1,46096.9,-1802.7,112050.1,-28863.2,-5520.7,113109.8,-12180.5,72421.0,-59534.4,-80263.6,40615.9,-25129.3,49234.8,25277.7,-90515.6,82.4,37.9
42,211272.0,-9315.5,94956.8,30435.5,894.1,165451.9,1967.0,-2004.0,81221.3,-8563.2,34456.8,-57857.6,-93813.7,45740.6,-41977.6,57094.6,16796.6,-104173.0,82.4,37.9
43,242885.0,-5534.0,102946.5,15531.6,6149.9,237090.1,-11122.2,4016.0,68963.9,-1955.0,-2022.6,-38917.9,-66769.1,38602.6,-93421.7,52209.7,-1763.0,-107542.7,82.1,37.9
44,290540.9,798.7,160796.1,-7159.2,11903.7,248218.9,-47712.9,7120.8,86738.0,1255.7,2365.6,-4210.7,-30950.7,12531.5,-137325.1,19676.2,2527.2,-55072.0,82.1,37.9
45,301345.2,1291.4,122189.5,-11955.4,13458.7,248726.2,-58174.1,8475.8,114789.3,3463.7,8599.0,4393.5,-33338.9,31940.1,-148593.1,42649.1,68296.3,34190.6,82.1,37.9
46,203730.0,7081.0,86955.2,-6843.9,17191.3,162931.3,-5259.8,8879.8,91617.6,5155.1,11837.5,-33969.4,-109695.1,119818.6,-152748.2,129834.8,73811.7,154817.1,81.9,37.9
47,187907.0,20611.3,80136.5,64.9,22741.2,109283.1,-15603.2,9965.9,33646.2,6164.4,11785.8,-90127.5,-106696.3,123340.6,-149206.3,131780.6,58409.9,133049.5,82.1,38.2
48,235288.7,77003.9,159812.0,36256.8,71058.0,100435.2,-23573.0,11004.3,-15764.8,6667.8,10344.7,-107267.2,-101754.4,118396.0,-125655.9,122977.6,61563.7,140080.2,82.1,38.2
49,295876.1,125902.2,266679.1,98628.5,130067.9,120674.2,-72460.7,13739.5,5479.7,8628.1,10585.8,-83887.6,-67022.1,67532.1,-62551.8,79400.0,73307.1,363328.7,81.9,38.4
50,270769.3,131283.9,330058.8,119438.4,134182.0,122952.5,-122116.7,10340.7,28741.4,4965.7,3602.8,-66491.0,13015.0,22249.8,-11879.9,38810.6,93338.2,1044043.0,82.1,38.7
51,207124.8,125922.1,332472.1,89189.7,124703.5,55870.7,-125393.6,-645.1,-26851.2,-7496.9,24455.1,-34987.9,121675.6,16363.5,32726.9,91298.4,85711.5,1814096.6,81.9,38.7
52,153617.1,118243.7,276386.8,51399.1,82711.4,44083.6,-83630.6,-5281.0,-80104.7,-12261.3,57225.8,-12266.6,186655.3,-15836.3,65594.3,109016.9,28820.8,1508381.7,82.1,38.9
53,74633.0,118558.9,215282.7,89346.0,47188.3,34520.4,-49471.9,-6449.2,-93452.1,-12026.9,66452.6,-7442.6,180746.5,-51024.2,3450.4,35973.4,-64988.9,570416.5,82.1,39.1
54,25641.9,118634.4,141685.5,119332.5,28794.3,-38622.5,-40099.4,-7677.1,-104971.7,-11667.9,71998.4,-1631.8,181320.0,-74142.9,-44404.1,3969.7,-118476.8,-44654.5,82.1,39.4
55,-14171.3,98949.0,78594.7,116458.2,24865.7,-51138.1,-17901.3,-8960.6,-104718.7,-12234.8,71659.4,8217.5,132739.6,-90554.0,-78431.8,-18137.0,-183522.7,-835469.1,82.1,39.6
56,-99244.4,68801.0,17093.3,117516.5,20346.4,-32789.2,-11197.7,-7528.7,-107185.1,-5544.6,67051.3,6310.1,53152.8,-105053.9,-116132.4,-85397.6,-276727.2,-1468817.5,82.4,40.1
57,-137608.6,44886.3,-65740.0,117911.2,15203.2,-100247.1,-14211.1,30439.4,-95534.3,43004.1,60261.6,-38564.2,25432.6,-126453.2,-116884.7,-134505.2,-314336.4,-1430438.7,82.6,40.6
58,-115043.6,20942.4,-79719.2,87383.1,12452.1,-142284.2,-20588.8,55053.5,-70903.0,63493.5,57417.8,-28828.8,12734.2,-79484.8,-128531.5,-83855.8,-266549.3,-1087006.0,82.9,40.6
59,-116230.4,45035.9,-27147.9,85971.1,13882.6,-119071.5,-23913.4,45302.2,-73701.8,23380.9,57986.1,-8491.7,18522.5,-35034.3,-94468.1,-39397.3,-225223.4,-770813.9,82.9,41.1
60,-88057.3,94160.8,38446.3,120288.8,19247.0,-61726.6,-22723.9,30839.4,-73085.9,-16909.2,60374.2,-37939.0,17416.5,1833.2,-40902.0,-53115.7,-253763.5,-428754.8,82.9,41.3
61,-17545.0,119748.4,132479.9,95396.6,25530.7,-56446.9,-30650.0,9266.5,-44763.1,-14759.4,63357.1,-45552.5,39609.3,54617.7,-30040.7,-33491.2,-204508.8,-54763.4,82.9,41.6
62,35187.9,105517.4,116445.0,75160.1,25830.0,-43882.3,-28905.6,-4349.8,-45650.5,-14000.5,56513.2,-51956.7,101056.4,106439.3,-41446.4,33342.8,-78941.7,179086.8,82.9,41.6
63,-14444.2,110847.4,-25392.9,108091.0,25863.1,10494.4,-13291.8,-5466.4,-87298.3,-11478.5,15672.0,-55853.5,131976.6,132240.2,-17407.2,33113.7,-4898.2,174327.7,82.9,41.8
64,-60784.8,81412.0,-105038.0,128012.2,22334.5,-18635.1,-17833.7,-8432.1,-98998.0,-7326.1,-5043.9,-45830.7,141724.0,100525.2,33627.6,38422.5,50748.7,135725.1,82.9,42.0
65,-85911.5,23237.9,-131458.7,115733.7,14094.5,-67712.2,-43635.9,-7001.6,-106416.8,-5849.2,-646.4,-11547.4,133232.3,72215.7,20621.9,103052.5,107191.7,61953.1,82.9,42.3
66,-163520.7,14237.6,-183676.4,99591.4,8859.9,-45016.1,-45438.6,-3788.2,-101460.4,-4000.1,4255.8,8957.9,58843.0,84600.2,-30948.1,130399.1,168467.9,-82978.9,82.9,42.3
67,-231524.3,11073.2,-212971.4,56084.0,6618.8,-17139.6,-16563.5,1521.9,-48942.0,-1010.6,7849.3,8617.5,31406.4,93709.1,-45752.5,134133.0,192576.0,-119634.5,82.9,42.5
68,-238423.9,6514.1,-213482.7,-4906.1,14207.1,-19929.1,-4055.8,-1451.7,-22908.1,-5998.9,10209.6,-24954.5,93891.9,110367.9,6110.1,134988.6,199168.3,-22945.1,82.9,42.5
69,-220766.3,-37421.1,-253366.1,-61342.5,-19900.0,-40483.5,-30209.0,-10278.5,-17310.5,-61958.4,6726.1,-59666.9,133087.9,128720.9,58200.6,134801.9,162657.1,84039.9,82.9,42.5
70,-244191.0,-73854.1,-306182.5,-64902.8,-73703.1,-76486.0,-44304.8,-13212.4,7090.3,61253.7,1729.9,-56943.6,98351.6,130804.4,62857.7,141248.4,103567.7,185901.6,82.9,42.5
71,-250040.2,-73723.0,-298898.8,-59496.0,-76584.0,-77460.9,21910.7,-11640.1,49550.0,57792.7,1741.8,-50474.5,103333.3,104778.3,70883.2,129469.2,134511.8,180194.1,82.6,42.5
72,-222684.3,-59696.0,-322459.8,-87429.4,-50583.2,-77131.1,63698.8,-11818.9,102025.9,52922.3,1978.9,-39908.6,104966.4,74124.3,73329.6,127548.6,176062.9,86396.3,82.6,42.8
73,-232211.8,-86438.7,-395846.4,-114390.6,-56645.6,-68872.5,44932.6,10694.4,84377.7,45968.4,-2396.1,-31660.7,41586.8,105354.5,70922.9,150170.6,119713.9,229.1,82.6,42.8
74,-220243.1,-147773.2,-459758.5,-147832.8,-120227.9,-6969.8,40331.2,50954.0,137003.3,41914.0,7946.0,-9336.7,1535.2,122229.3,62688.2,127249.3,87388.4,-53850.8,82.6,43.0
75,-100933.2,-170275.9,-514483.5,-166952.6,-103877.7,70015.6,84768.4,65404.8,199279.5,40388.1,52013.7,32456.7,-5357.8,49875.8,20020.5,57306.6,75887.3,-9473.2,82.6,43.0
76,-62906.7,-171709.1,-538558.5,-141394.1,-103611.4,126038.7,137647.0,59772.9,169968.6,40254.3,62016.6,60191.4,-5836.0,7886.4,14366.0,19717.2,16658.8,40014.6,82.9,43.2
77,-74940.3,-170693.1,-485685.2,-139546.4,-108626.2,137317.2,158870.2,60595.4,149177.2,40435.8,62815.4,79952.4,5470.4,61988.8,53111.7,24384.9,5344.6,32122.9,83.1,43.2
78,-55114.4,-148223.5,-412474.8,-157255.6,-56808.5,92483.9,168164.6,34965.4,154909.8,40966.9,52351.4,89690.4,9535.4,109824.9,61637.8,28752.0,26073.7,-40144.4,83.1,43.5
79,-109261.9,-130211.0,-438328.6,-139444.4,-39770.9,34850.2,173589.9,91.4,194688.6,44416.1,26338.6,93564.7,-45141.9,59980.8,46257.2,23137.2,10926.2,-156568.2,83.4,43.5
80,-111566.7,-88291.7,-512909.9,-93705.1,-53886.6,44234.6,172391.2,-4312.7,214424.4,47787.0,7977.8,92404.4,-77866.2,11732.8,-3196.1,15862.8,-20800.7,-205723.5,83.6,43.5
81,-23253.8,-65799.6,-448532.9,-15000.5,-61739.8,99917.3,160797.4,-3115.3,197850.3,15572.7,-2703.4,89633.5,-42324.6,-3940.5,-34683.3,3674.3,-3184.2,-149787.8,83.8,43.5
82,13935.6,-21745.1,-212601.8,49336.8,-4147.2,131272.0,96130.4,-2809.4,129710.3,-16592.6,-1700.7,87274.5,11756.7,14491.9,14885.3,21951.7,21347.7,-55762.1,83.8,43.5
83,-5492.9,37913.9,-5288.9,53595.2,49519.5,79066.2,28530.8,-7677.1,97231.1,-16770.1,-3380.2,88252.0,65496.2,48332.7,71161.3,35892.6,14746.2,68007.6,84.1,43.5
84,-62796.8,48416.2,8195.0,47142.0,56001.9,4250.5,55310.5,-10861.3,56682.7,-7592.3,-5275.7,90434.8,96689.3,29995.7,46099.6,11388.5,15160.8,131281.2,84.3,43.5
85,-117932.4,28202.3,24737.3,26322.7,47326.1,-40973.6,92147.5,-7753.9,-14230.9,-3239.8,-2553.7,92611.1,82043.8,-1079.5,19002.0,15315.7,18382.1,139010.0,84.3,43.5
86,-106179.7,8348.6,118552.3,80214.6,23304.1,-32067.3,90189.8,3850.5,-11242.8,-2196.1,5312.8,87118.2,95719.8,52297.1,40748.4,75687.3,-4838.6,137003.3,84.6,43.5
87,25448.5,73705.8,180685.5,140969.0,53306.4,-380.1,83972.4,22000.7,50183.1,11879.9,14404.5,50620.2,52514.3,108532.1,22925.3,129074.5,-21962.3,96048.3,84.6,43.5
88,112393.2,119935.1,174909.2,124179.0,80936.5,23040.5,44316.7,26818.1,45749.9,17587.3,18923.8,-17968.8,20743.7,115201.2,-30371.9,111099.1,-13652.1,23065.7,84.6,43.5
89,137958.3,95407.2,190496.5,48723.5,44796.2,31385.2,-27162.5,11864.0,4161.7,10413.6,15907.8,-36255.5,20461.6,74625.0,-24162.4,59844.4,-8221.5,-6043.9,84.6,43.2
90,129548.7,37707.2,243666.5,1361.6,25554.5,35784.0,-25963.8,2834.5,26362.5,2525.9,10898.4,-6046.6,-39002.6,17705.2,-18902.6,19098.7,-11041.4,5891.6,84.6,43.2
91,111893.8,17115.8,251673.3,-9701.0,25110.8,22757.1,-12551.4,-2875.6,12679.9,-3670.3,5078.3,3702.1,-80774.9,-1714.0,-78286.1,9416.2,-15013.7,10885.1,84.6,43.5
92,109055.3,10258.6,243193.6,-1148.4,19163.6,30152.0,-68283.1,-6033.3,-48859.9,-1527.2,12993.8,-5695.6,-83388.2,22624.6,-127392.4,8865.2,-12388.5,13493.2,84.6,43.5
93,95211.1,4990.9,213036.3,3222.6,16291.9,39727.2,-83118.0,-9763.2,-43242.5,-741.7,8878.4,-10263.9,-83090.2,25701.5,-130580.5,7698.3,-11434.8,5891.6,84.8,43.5
94,69161.3,-4926.0,126744.6,28023.5,12102.4,40153.7,-41578.9,-14276.0,13947.5,-15083.9,3573.6,-12815.0,-79602.7,20606.0,-132392.5,27232.7,-21538.5,-3617.3,84.8,43.7
95,98919.9,-2378.9,184154.5,44367.1,11895.8,27145.3,-25056.5,-13711.7,9634.8,-15499.9,32754.7,-13527.6,-76260.8,41324.6,-129975.2,56653.6,-10230.8,-18269.5,84.8,43.7
96,105549.2,5296.9,184659.2,35127.0,12083.8,79557.6,-21110.6,1247.7,10836.1,-925.9,62918.7,-9988.4,-75727.0,39540.4,-114527.0,58553.0,17465.5,-84523.4,84.6,44.0
97,102256.4,-1613.3,113817.1,34639.6,894.1,140098.7,-20398.0,35683.3,26136.0,28432.7,71876.6,-2265.0,-82265.0,36311.2,-79586.8,55297.2,7703.6,-123028.0,84.6,44.0
98,130528.9,-8451.9,92970.0,43127.3,-1841.1,143840.6,-13670.7,22044.4,35699.2,15389.9,47728.8,2149.7,-90657.3,35246.2,-100322.6,53346.2,-34709.8,-170645.5,84.6,44.2
99,169411.0,-8032.1,8012.2,24071.0,1637.1,177342.4,-20652.3,-5308.8,72503.1,-6776.4,11910.3,5315.4,-66566.5,38148.3,-138979.5,54193.9,-77100.6,-186469.8,84.6,44.7
100,256123.8,-6634.7,-104704.2,-36180.0,4275.6,255723.8,-51171.3,7612.2,131789.9,7179.0,4903.5,8783.1,-47346.0,45042.6,-153470.0,58870.8,-89275.8,-189448.7,84.6,44.9
101,352342.9,2650.4,-109520.2,-16340.9,13487.9,287436.1,-68488.4,17678.7,201564.4,16515.8,10992.4,10275.8,-55364.8,47319.5,-159965.6,61134.5,-90421.6,-220422.0,84.3,45.2
102,361936.6,14670.7,-11116.9,50045.4,21987.5,293686.7,-51846.8,19162.2,176178.1,18429.8,11750.1,8644.0,-54933.0,44610.8,-158667.6,60235.1,-66657.9,-166640.0,84.3,45.4
103,308887.2,15641.6,70458.0,54415.1,24133.3,294876.1,-33761.4,36988.0,169407.0,30301.7,11667.9,3318.0,-54486.6,48164.5,-134885.3,64113.4,-15432.3,-121699.4,84.6,45.7
104,373172.8,23028.6,92854.8,46857.2,57844.3,305244.7,-54260.1,96935.7,181623.3,89278.5,17421.8,-4431.9,-101713.3,52248.1,-104545.2,42243.8,12004.4,-117924.5,84.6,45.9
105,498361.1,87559.2,178135.8,34564.1,118454.3,370506.5,-35443.6,128421.5,163609.5,126926.1,23170.3,-31775.9,-127914.2,54915.7,-101651.1,26746.6,-14383.3,-52393.8,84.6,45.9
106,618053.8,112676.6,292668.1,68044.7,117068.8,420659.1,-42723.3,128434.8,152532.3,129703.7,23297.5,-92792.5,-80390.8,48650.6,-107779.8,57571.5,-75675.4,-4594.9,84.6,46.1
107,560650.6,181027.3,402940.7,222879.0,109913.6,288720.9,-113217.0,47601.6,33284.6,99141.1,10848.0,-129972.6,-55597.9,-27416.8,-114654.2,42590.8,-80560.3,-215425.8,84.6,45.9
108,420105.5,137252.3,349395.8,223561.1,97527.8,206834.8,-96752.9,9856.0,-32043.5,47520.8,3919.3,-133330.3,-7907.6,-17601.9,-94603.2,21133.2,96448.3,-192973.4,84.6,45.9
109,285436.1,100778.2,293249.6,161977.6,115998.6,105116.1,-100684.2,814.6,-81198.8,10527.5,1184.1,-129963.3,55281.3,40274.2,-25332.0,79011.9,234209.2,319337.9,84.6,45.9
110,160299.4,126104.9,230389.2,88761.9,144198.2,19202.0,-99443.1,10196.4,-73517.7,-1592.1,35108.5,-125330.0,140404.7,91299.8,20121.2,154426.4,342501.6,1208924.0,84.3,45.7
111,33881.9,142296.2,193195.9,80814.6,133411.1,-24570.4,-95713.1,43131.2,-129281.2,2580.2,64693.6,-121176.3,198107.3,169103.7,35768.1,204385.7,345159.9,1666679.7,84.3,45.7
112,-27778.4,139673.6,114434.3,80698.1,129679.8,-28398.3,-110542.8,51620.3,-149264.6,8265.2,63860.4,-99130.5,176792.7,163734.0,19833.8,156189.3,236739.1,1127029.9,84.1,45.7
113,-37402.6,139317.3,90971.3,81136.5,130139.5,-35867.4,-145720.1,9291.7,-97703.9,-4818.7,63506.8,-89673.2,70162.6,67325.4,-34112.4,68936.1,83014.7,292041.6,84.1,45.4
114,-45749.9,138636.4,83870.4,114833.0,131985.9,-31513.6,-150668.6,-10856.0,-69675.2,-10030.8,36181.3,-59111.9,-5073.0,1068.9,-83377.6,55644.3,1880.9,-189521.6,84.3,45.4
115,-54983.3,142090.9,86214.8,143713.4,135474.7,-25403.5,-146793.0,-5221.4,-68655.3,-4296.8,2900.8,-14374.0,-10830.8,-2600.1,-97884.1,34210.4,-67473.8,-625954.8,84.1,45.2
116,6918.1,111242.1,143988.9,109750.7,146325.4,-20727.8,-148030.1,-960.3,-102843.2,-592.1,-4866.4,-11101.0,-68852.6,-42707.4,-154460.8,-19547.7,-191015.7,-1172671.1,84.1,45.4
117,14344.9,91558.0,160378.9,99518.6,151840.9,-74703.2,-144851.2,2288.8,-97809.9,2090.1,1181.5,-3058.4,-111304.4,-48045.3,-155727.1,-43710.1,-253343.6,-939806.4,84.1,45.4
118,11632.2,114132.3,144634.0,116270.1,133440.2,-55244.2,-135195.3,-4478.3,-72088.5,-4238.6,33697.8,2768.3,-12834.9,-27375.8,-76813.2,-8208.2,-117719.2,-213644.3,83.8,45.4
119,34043.5,124032.0,140721.3,123222.7,72218.3,-55849.6,-78394.7,-9588.4,-64502.8,-11020.2,66794.3,6263.8,80707.3,54310.4,-14107.8,26400.9,-26412.8,464050.0,83.6,45.4
120,8308.9,87169.8,80990.8,102200.8,22682.9,-70815.6,-22440.5,-8563.2,-94854.8,4857.1,67594.3,-22772.9,100147.7,118512.6,50041.4,21308.0,36680.7,766073.4,83.4,45.4
121,-43349.8,34191.9,13917.0,69883.1,9906.3,-41478.2,-8934.1,20775.5,-100604.7,34054.1,64518.7,-53665.4,83911.4,134183.3,74586.6,29861.9,96429.7,949597.4,83.1,45.7
122,-77331.1,6234.6,-70138.8,28068.5,13574.0,-18727.8,1091.4,55779.4,-81767.0,52903.8,61632.5,-52142.1,91999.1,134407.2,61080.2,29967.9,75327.0,973936.0,82.9,45.7
123,-143761.1,-1539.1,-116471.5,3560.4,45993.6,-12580.6,-28432.7,62411.4,-33811.7,57890.7,57856.2,-47393.6,86249.3,77051.6,67717.5,23958.4,18820.5,826287.3,82.6,45.7
124,-161271.6,26689.6,-104041.9,22523.9,62743.8,-12494.5,-67084.4,57004.6,17269.5,50022.9,54866.7,-45551.2,82100.8,16144.9,68630.1,45719.4,4298.2,598691.6,82.4,45.7
125,-154821.1,46544.6,-41180.2,27288.3,54180.6,-34365.4,-67902.9,55049.5,26537.3,47563.2,54976.7,-44793.6,106578.4,30385.1,15090.6,60477.5,-49213.6,292709.2,82.1,45.9
126,-99680.2,33601.1,-41234.5,-39443.7,46147.2,-69871.2,-62619.3,58107.9,39564.2,51033.5,58509.2,-45229.3,102852.5,47510.2,-42210.7,19706.6,-106321.4,-51119.6,82.1,46.1
127,-42940.5,33311.1,-88595.0,-74276.7,44666.4,-71134.8,-59762.3,52472.0,4898.2,51903.7,61937.2,-48240.0,27807.6,38643.7,-25920.1,-41238.5,-142924.0,-367995.1,82.1,46.1
128,-50890.4,41764.3,-306827.5,-58829.8,48906.3,15664.1,-48001.6,-3333.9,35029.0,-7495.6,3108.7,-52829.6,-5274.3,33297.8,-37393.3,-51856.0,-160226.6,-739730.8,81.9,46.4
129,-12852.1,39086.1,-443030.8,2324.6,44332.6,53943.5,-46621.4,6116.8,94449.5,2876.9,-1850.4,-57315.8,-213.3,14793.9,-88512.9,-49670.5,-184068.4,-1174352.0,81.7,46.4
